-4.6632338586 2.9453913511 25.1499952240  
-5.1055852024 6.3074989645 14.8762431744  
-31.4504139882 -2.0452862243 -8.8515474066  
-0.1759676447 -16.7889195155 9.7693283662  
-3.0263825731 1.6210039222 1.8495883136  
-2.5293475708 4.2267315487 -0.8582092637  
-9.5713987297 -2.7963759217 4.6065796216  
-2.9661046092 3.9525423439 2.1763536936  
-3.0543654232 4.4553531956 -0.0880417230  
0.0000000000 0.0000000000 0.0000000000  
-1.5174107970 7.6274026657 0.8923930219  
-2.1974642421 6.9890094353 -0.1542351921  
-0.1098431091 -0.0702763290 -3.6213990324  
227.0703832331 -31.2726765961 -832.1809081581  
246.8652354980 -49.1187496979 -465.7483015465  
1226.7689249088 90.5262523010 326.4460601271  
45.0095086405 7.9239258090 -385.8367375417  
139.5037279929 -27.5939328200 90.4176106457  
82.8141940083 -1.8146856113 97.8468892752  
351.5303458448 6.2531714390 -223.6564989056  
131.2063620990 5.7682794246 72.9139196829  
103.8190220814 -17.5996043623 144.5266604513  
0.0000000000 0.0041707410 0.0000000000  
90.9752293135 -59.1109351490 195.6111111172  
143.9058223601 14.7554420554 83.7008774530  
4.8606623453 -128.5786560609 140.4198155820  
