-4.8489261881 2.4696067623 5.2532844573  
-1.0558401631 10.8151782457 -4.1836872441  
67.4504767241 -29.4179625248 -6.7597727383  
-1.0772134730 7.4895387176 -0.2968489481  
-1.7564617182 2.1322875737 -0.6653653184  
2.5992914835 -1.6417779234 3.5164062283  
-0.4465493866 -1.7862888910 2.9971120095  
-2.4625098679 1.7760554162 -5.4598486485  
2.2079279481 -4.5676532037 3.0267084932  
0.0000000000 0.0000000000 0.0000000000  
-2.8651031113 2.6790096289 -12.8775264415  
-2.3428118116 1.3209512953 0.8668144525  
-4.7251081847 23.9670300868 -1.6031569848  
168.2900456534 -325.5771946269 -162.7604093991  
9.2789401037 -335.7282651909 159.4150947825  
-1192.9845640499 940.4821163639 160.6028290641  
7.4124073322 -299.4490566104 56.7596197159  
38.3917214316 -514.6422580305 14.2850406830  
-95.3384797063 18.0379528916 -86.3923397491  
4.6611074619 131.6443687385 -288.8284990264  
152.3343637064 -726.7348146848 210.0795665653  
-73.0158548145 172.0557132319 -15.5574152792  
0.0000161727 0.0000239730 -151.1374316010  
173.1692126156 -412.0617660009 475.7391007320  
20.4189900340 -69.9106638535 12.1841885732  
45.6983434371 -322.0225159071 -35.9983830421  
