-3.1731136599 14.0979787712 5.6807814713  
1.5597542768 -16.2327079506 -1.4379500983  
0.7941715199 -16.7252932663 9.9065884788  
-0.0174913671 -1.5051538468 -0.6807094321  
-0.4426698401 8.8510527540 3.3930803655  
1.5078189387 0.3060451899 -5.5442986882  
1.4950337621 1.1982860149 -9.5142921900  
-0.1011326787 1.2732346718 0.3470878386  
0.7567354737 0.2227849777 -0.9017481144  
0.0000000000 0.0000000000 0.0000000000  
0.0370433291 2.0852014957 4.4708913844  
8.4346511110 9.6192220314 1.7184367034  
-0.0000000000 0.0000000000 0.0000000000  
65.4729823835 -198.5471878252 -134.5401385825  
-34.6172691943 390.8902956828 36.0494843655  
-15.6791840637 324.3902734861 -123.9030959298  
-2.9944248627 7.6903032219 34.0878406910  
11.4007606236 -207.2464155417 -51.2052323392  
-31.7555513885 4.1713965280 117.3114959832  
-29.0666850960 -26.1425945805 237.4329684569  
3.2356959734 5.5498472524 -2.5316525955  
-15.6833410946 9.3167939162 21.2945569522  
-0.0000000000 -0.0000000000 0.0000000000  
0.1713109385 -36.3739708015 -42.4565038878  
-146.0953592212 -101.5146182984 -49.3407309595  
0.0000000000 -0.0000000000 -0.0000000000  
