  -5.4099718403180386e-01   3.7119875241104766e-01   7.9745254402980315e-01
  -5.4099718403180386e-01   3.7119875241104766e-01   8.0270289596520750e-01
  -5.4099718403180386e-01   3.7119875241104766e-01   7.6776026062658598e-01
  -4.8699685274142784e-01   2.5079000287273767e-01   6.1564487499810994e-01
  -2.0349511346695373e-01  -3.4062461525834788e-03   3.1011316460784456e-02
   3.2300811661421247e-01  -2.8435999507530685e-01  -3.9816991691443199e-01
   5.5250952459831049e-01  -2.8435999507530685e-01  -6.5535124687328139e-01
   7.1451051846943858e-01  -2.8435999507530685e-01  -8.1394402971090674e-01
   8.7651151234056668e-01  -2.3084499528050240e-01  -8.3727988954935151e-01
   3.9506377339738365e-02   6.1201625148766770e-01   9.9745293375766808e-01
  -3.7899619016067576e-01   6.3487503590922090e-02   4.4244596054850122e-01
  -5.4994202418419673e-02  -1.6395124553699683e-01  -1.2033120861679753e-02
   3.9506377339738365e-02  -2.1746624533180128e-01  -2.6601350918233480e-01
   1.6100712274308440e-01  -2.7098124512660576e-01  -4.1893795978367271e-01
   5.5250952459831049e-01  -2.7098124512660576e-01  -6.3296726080661458e-01
   7.2801060129203266e-01  -2.7098124512660576e-01  -6.9555080461382779e-01
  -7.0299817790293184e-01   1.0000000000000000e+00   1.0000000000000000e+00
  -7.1649826072552592e-01   2.2403250297533545e-01   7.1865158002539209e-01
  -1.6299486499917171e-01  -1.5057249558829572e-01   1.0515380399712862e-01
  -5.4994202418419673e-02  -2.5760249517790462e-01  -1.1754429258169899e-01
  -1.4493953950637658e-02  -2.5760249517790462e-01  -2.0276953566807265e-01
   9.3506708630114385e-02  -2.5760249517790462e-01  -2.5223119968106700e-01
   3.3650819943680649e-01  -2.0408749538310017e-01  -3.6860436729961682e-01
   1.7450720556567842e-01  -3.0163746049985705e-02  -5.5532053608371733e-02
  -8.3799900612887190e-01   7.4580375097467888e-01   9.2472066048470369e-01
  -7.8399867483849595e-01   9.0634875035909224e-01   9.7940522381857842e-01
  -7.2999834354811988e-01   1.9727500307793322e-01   8.1280956450577291e-01
  -2.1699519628954772e-01  -1.1043624574219238e-01   3.4853585412318522e-01
  -1.4493953950637658e-02  -2.1746624533180128e-01   1.5552430253706445e-01
   1.6100712274308440e-01  -2.7098124512660576e-01  -5.1423383662779321e-02
   3.3650819943680649e-01  -2.1746624533180128e-01  -1.1802914815232320e-01
   4.4450886201755851e-01  -5.6921245947387934e-02  -1.2277109583026342e-01
   3.9050853072718250e-01   1.4376000328312877e-01   1.8566210930208027e-01
   2.6900778532383646e-01   3.0430500266754212e-01   7.9498571503618909e-01
  -2.9799569322511177e-01   5.0108753642220977e-02   4.7151614749650317e-01
  -1.4493953950637658e-02  -1.6395124553699683e-01   1.4404761360673324e-01
   2.6900778532383646e-01  -2.1746624533180128e-01  -1.3889173152265336e-01
   3.7700844790458848e-01  -1.1043624574219238e-01  -4.9984947389306346e-03
   3.9050853072718250e-01   6.3487503590922090e-02   1.2119271366510936e-01
   2.6900778532383646e-01   1.8389625312923211e-01   4.2982341432253285e-01
  -3.2499585887029975e-01   6.3487503590922090e-02   3.8415481107930022e-01
  -1.0899453370879569e-01  -9.7057495793491266e-02   2.4652392873986770e-01
   1.4750703992049041e-01  -2.0408749538310017e-01  -3.2747474987645825e-02
   2.5550770250124244e-01   9.0245003488324316e-02   2.1755501940499825e-01
   1.4750703992049041e-01   1.8389625312923211e-01   6.3133977030981825e-01
  -1.3599469935398370e-01   3.0430500266754212e-01   8.0464162826632657e-01
  -2.9799569322511177e-01   1.9727500307793322e-01   5.3719855825777785e-01
  -2.9799569322511177e-01   1.9727500307793322e-01   7.0661765732927762e-01
  -2.9799569322511177e-01   1.9727500307793322e-01   7.4558093049562224e-01
  -2.9799569322511177e-01   1.1700250338572654e-01   5.6285075944167595e-01
  -1.4493953950637658e-02  -9.7057495793491266e-02   2.3582071030057952e-01
   8.4951134669537864e-01  -3.1111749497270907e-01  -7.5379026989075659e-01
   9.0351167798575471e-01  -3.1111749497270907e-01  -8.7806817247286217e-01
   9.5751200927613067e-01  -2.5760249517790462e-01  -8.9311215689375367e-01
   5.3006460162332368e-02  -2.5760249517790462e-01  -1.5405177688984192e-01
   2.2850753685605443e-01  -3.1111749497270907e-01  -4.5059691459754758e-01
   4.9850919330793453e-01  -3.6463249476751353e-01  -6.4365382726382447e-01
   7.6851084975981465e-01  -3.6463249476751353e-01  -7.3563182507533331e-01
  -5.4099718403180386e-01   2.6416875282143876e-01   6.6429283871334466e-01
  -1.4949478217657772e-01  -1.2381499569089349e-01   1.7098531382166932e-01
  -9.5494450886201690e-02  -1.7732999548569794e-01  -4.9715998823890994e-02
  -1.4493953950637658e-02  -2.8435999507530685e-01  -1.9202881102268687e-01
  -2.7994036773231663e-02  -2.8435999507530685e-01  -2.7323659149369844e-01
   9.3506708630114385e-02  -2.8435999507530685e-01  -3.8060433545587086e-01
   3.9506377339738365e-02   3.6730003693519864e-02   1.7907229247915948e-01
  -5.9499751532217982e-01   3.0430500266754212e-01   9.0734911431829923e-01
  -2.5749544475732972e-01   5.0108753642220977e-02   3.8498946976714776e-01
   3.9506377339738365e-02  -1.6395124553699683e-01   2.1960724218222435e-01
   1.4750703992049041e-01  -2.3084499528050240e-01  -1.8949501843663311e-01
   2.0150737121086643e-01  -2.8435999507530685e-01  -1.5212686082965454e-01
   9.3506708630114385e-02  -5.6921245947387934e-02   6.8874131268395603e-02
  -2.9799569322511177e-01   1.8389625312923211e-01   4.5242110614897169e-01
  -4.5999668709623981e-01   3.5782000246234658e-01   5.3871818913217584e-01
  -4.5999668709623981e-01   4.1133500225715103e-01   8.2663939431789302e-01
  -4.5999668709623981e-01   4.1133500225715103e-01   8.7303782214854386e-01
  -4.5999668709623981e-01   3.0430500266754212e-01   7.5314650200134359e-01
  -2.3049527911214174e-01   9.9725037961176342e-03   3.6299573063544283e-01
  -1.4493953950637658e-02  -1.5057249558829572e-01  -8.9005544618908930e-02
   9.3506708630114385e-02  -1.3719374563959461e-01  -1.1927207128660157e-01
   9.3506708630114385e-02  -3.0163746049985705e-02   2.0714166247961751e-02
  -2.7994036773231663e-02   1.8389625312923211e-01   2.8633598274835459e-01
  -2.4399536193473573e-01   2.9092625271884098e-01   5.9954399711530237e-01
  -3.5199602451548778e-01   2.9092625271884098e-01   7.5402039919694963e-01
  -1.8999503064435971e-01   9.9725037961176342e-03   3.7147136548654908e-01
   3.9506377339738365e-02  -1.6395124553699683e-01  -7.6080260376362951e-02
   2.0150737121086643e-01  -2.7098124512660576e-01  -3.8999759573037990e-01
   3.0950803379161845e-01  -3.2449624492141022e-01  -4.4818895553300003e-01
   3.6350836508199447e-01  -2.7098124512660576e-01  -6.0963211328791500e-01
   3.6350836508199447e-01  -1.5057249558829572e-01  -4.0017164221279722e-01
   1.4750703992049041e-01   1.9727500307793322e-01   1.5475809949121008e-01
  -5.8149743249958585e-01   1.5713875323182988e-01   5.4996891317794805e-01
  -3.6549610733808180e-01  -4.3542495998686821e-02   2.3415071132241691e-01
  -2.5749544475732972e-01  -2.0408749538310017e-01  -2.0406954819839096e-01
   1.0700679145270839e-01  -2.5760249517790462e-01  -4.8420118853566835e-01
   3.5000828225940045e-01  -9.7057495793491266e-02  -4.6837497344310802e-01
  -9.3249958588702997e-01   4.6485000205195548e-01   9.2348880175474135e-01
  -5.2749710120920978e-01   5.0108753642220977e-02   3.4391593423032207e-01
  -3.1149577604770579e-01  -7.0299995896089040e-02   4.8196945844624216e-02
  -9.5494450886201690e-02  -1.7732999548569794e-01  -2.4499713661559439e-01
  -1.4493953950637658e-02  -2.3084499528050240e-01  -3.6987942408382779e-01
   2.1500745403346042e-01  -2.8435999507530685e-01  -4.6589443331999580e-01
   7.1451051846943858e-01  -2.8435999507530685e-01  -7.9871269765249286e-01
   8.9001159516316064e-01  -2.8435999507530685e-01  -8.8518886116172824e-01
  -8.9199933741924797e-01   3.8457750235974880e-01   7.7756631564539180e-01
  -3.6549610733808180e-01  -4.3542495998686821e-02   2.9154904501651574e-01
   1.4750703992049041e-01  -2.7098124512660576e-01  -3.7482270412400370e-01
  -2.4399536193473573e-01   9.9725037961176342e-03   1.9041687810459083e-02
  -5.6799734967699189e-01   5.4512250174416210e-01   9.4774849376348824e-01
  -1.0000000000000000e+00   3.7119875241104766e-01   9.2295915398512274e-01
  -4.0599635580586380e-01   9.9725037961176342e-03   1.7624645750026385e-01
  -8.1994368063607687e-02  -2.0408749538310017e-01  -2.5606007509473810e-01
  -1.4493953950637658e-02  -2.5760249517790462e-01  -3.8794549542149254e-01
   9.3506708630114385e-02  -2.5760249517790462e-01  -4.2238231283563149e-01
   1.4750703992049041e-01  -3.1111749497270907e-01  -4.5563221109301377e-01
   2.5550770250124244e-01  -2.0408749538310017e-01  -3.9700084753563525e-01
   2.5550770250124244e-01  -9.7057495793491266e-02  -3.4726152856035530e-01
  -5.1399701838661582e-01   2.3741125292403656e-01   4.8355823241513624e-01
  -2.3049527911214174e-01  -5.6921245947387934e-02   1.9350781018458116e-01
   2.2850753685605443e-01  -2.7098124512660576e-01  -4.6808104061607231e-01
   3.3650819943680649e-01  -2.1746624533180128e-01  -5.8091376463082123e-01
   7.9551101540500258e-01  -2.1746624533180128e-01  -8.0431195739032146e-01
   6.3351002153387459e-01  -2.1746624533180128e-01  -1.9770997064609316e-01
  -5.4099718403180386e-01   3.5782000246234658e-01   8.0436428307049079e-01
  -4.1949643862845781e-01   9.9725037961176342e-03  -1.5902974983062423e-01
   5.3900944177571652e-01  -1.6395124553699683e-01  -6.8633358198745431e-01
   7.1451051846943858e-01  -3.4062461525834788e-03  -2.9238541289651704e-01
   6.6051018717906262e-01   1.1700250338572654e-01   3.0839323731065769e-02
   5.2550935895312256e-01   5.0108753642220977e-02   2.8473861849655228e-02
   3.5000828225940045e-01  -1.7732999548569794e-01   1.2859454114671598e-02
  -1.4949478217657772e-01   1.0362375343702543e-01   5.5480908763064518e-01
  -8.1994368063607687e-02  -2.4422374522920351e-01  -3.7829086169094406e-01
   6.6051018717906262e-01  -2.9773874502400799e-01  -7.7841022914316238e-01
   2.6900778532383646e-01  -8.3678745844790153e-02   1.8789598255383758e-01
  -4.3299652145105183e-01   4.7822875200065657e-01   9.1889358387632003e-01
  -9.1899950306443601e-01   4.7822875200065657e-01   8.9047836543276049e-01
   9.3506708630114385e-02   1.4376000328312877e-01  -5.9659819349884735e-02
   3.0950803379161845e-01  -1.5057249558829572e-01  -3.2094102891910042e-01
  -4.1949643862845781e-01   9.9725037961176342e-03   1.4083237304468235e-01
  -5.8149743249958585e-01   6.3487503590922090e-02   3.3103991702062546e-01
  -4.1949643862845781e-01   1.3038125333442765e-01   7.0951202456462825e-01
  -1.4493953950637658e-02  -1.2381499569089349e-01   2.2426729492895961e-01
  -1.4493953950637658e-02  -1.7732999548569794e-01  -8.4341897388458917e-02
  -1.4493953950637658e-02  -1.7732999548569794e-01  -2.0189077969963354e-01
  -4.1494119595825669e-02  -2.3084499528050240e-01  -3.1186004561496633e-01
   6.3351002153387459e-01  -2.3084499528050240e-01  -6.9018972232035714e-01
   7.4151068411462662e-01  -2.8435999507530685e-01  -8.2673864360795268e-01
   5.7950969024349852e-01  -2.8435999507530685e-01  -5.3506154550351892e-01
   3.6350836508199447e-01  -1.6395124553699683e-01  -2.1285108789114375e-02
  -2.5749544475732972e-01   2.9092625271884098e-01   4.9157174304811130e-01
  -7.9749875766108991e-01   3.4444125251364544e-01   3.3187290728506641e-01
  -4.1494119595825669e-02  -3.4062461525834788e-03  -3.2502272881927147e-01
   3.6350836508199447e-01  -1.1043624574219238e-01  -5.6458617201364281e-01
  -9.5494450886201690e-02  -4.3542495998686821e-02  -1.6032330470664533e-01
  -4.1494119595825669e-02   6.3487503590922090e-02   6.4078648345025649e-02
  -2.7994036773231663e-02   1.3038125333442765e-01   4.1026898351462271e-01
  -8.1099884048368398e-01   2.9092625271884098e-01   6.9740649707754865e-01
  -1.6299486499917171e-01  -9.7057495793491266e-02   1.6724379651018298e-01
  -1.0899453370879569e-01  -1.5057249558829572e-01  -9.7841149525631416e-02
  -1.0899453370879569e-01  -1.5057249558829572e-01  -1.1661332849867181e-01
  -5.4994202418419673e-02  -1.5057249558829572e-01  -2.8699966515312048e-01
   5.7950969024349852e-01  -1.5057249558829572e-01  -6.5998867439506792e-01
   6.8751035282425055e-01  -2.5760249517790462e-01  -5.6504439949107965e-01
  -9.5494450886201690e-02   1.3038125333442765e-01   5.1762290227500696e-01
  -7.9749875766108991e-01   7.5918250092337991e-01   9.3424301407500687e-01
  -7.9749875766108991e-01   2.1065375302663433e-01   4.3437796849426114e-01
  -2.0349511346695373e-01   3.8457750235974880e-01   4.1341833412913231e-01
   3.3650819943680649e-01  -1.6395124553699683e-01  -5.3832841692820688e-01
   5.3900944177571652e-01  -3.3787499487011130e-01  -7.4240251282003444e-01
   8.3601126387278468e-01  -3.3787499487011130e-01  -7.3605888006668641e-01
   3.5000828225940045e-01  -3.1111749497270907e-01  -6.3421830767081244e-01
   7.9551101540500258e-01  -2.7098124512660576e-01  -9.6513894200912020e-01
   7.4151068411462662e-01  -2.7098124512660576e-01  -7.5130120222366858e-01
   1.6100712274308440e-01   1.1700250338572654e-01   3.3135205978622789e-01
   1.2050687427530239e-01   1.5713875323182988e-01  -3.8699220874405288e-01
   1.2506211694550353e-02   1.8389625312923211e-01   8.0287116311273787e-03
  -8.7849925459665401e-01   4.3809250215455325e-01   8.2565813940549371e-01
  -9.1899950306443601e-01   4.3809250215455325e-01   8.3873542398961776e-01
  -9.5949975153221800e-01   3.0430500266754212e-01   7.6109333655246059e-01
  -2.4399536193473573e-01  -1.1043624574219238e-01  -3.7434230819092890e-02
   2.1500745403346042e-01  -2.7098124512660576e-01  -5.2751776978633946e-01
  -5.9499751532217982e-01   1.3038125333442765e-01   2.8045145412323036e-01
  -8.1099884048368398e-01   3.5782000246234658e-01   8.0097782946547880e-01
   3.9506377339738365e-02  -1.5057249558829572e-01  -1.1764362796048318e-01
  -3.1149577604770579e-01  -4.3542495998686821e-02  -4.1477405169027736e-03
   1.2050687427530239e-01  -1.5057249558829572e-01  -3.8334843492915061e-01
   2.9600795096902444e-01   6.3487503590922090e-02  -8.9634328686495457e-02
  -8.1994368063607687e-02  -1.6395124553699683e-01  -2.6312871570976620e-01
   3.3650819943680649e-01  -2.7098124512660576e-01  -6.6883358692243178e-01
   4.5800894484015253e-01  -1.6395124553699683e-01   2.9885210401712194e-02
  -1.3599469935398370e-01   2.3741125292403656e-01   5.7253512488997038e-01
   1.0700679145270839e-01   1.1700250338572654e-01  -1.8681725487561049e-01
   6.8751035282425055e-01  -1.1043624574219238e-01  -6.3906115928446294e-01
   6.8751035282425055e-01  -2.8435999507530685e-01  -6.3125277211797581e-01
  -2.7994036773231663e-02   1.8389625312923211e-01   5.5941006892450729e-01
  -3.2499585887029975e-01   1.1700250338572654e-01   2.3697048282180705e-01
  -5.6799734967699189e-01  -3.4062461525834788e-03   9.7221028462026446e-02
   1.3400695709789640e-01  -4.3542495998686821e-02   1.7082653059752043e-01
  -5.5449726685439782e-01   2.5079000287273767e-01   4.5231891644716443e-01
  -4.7349676991883383e-01   2.5079000287273767e-01   2.9471969393149949e-01
   1.0700679145270839e-01   5.0108753642220977e-02  -3.2175080160723779e-01
   2.2850753685605443e-01  -2.3084499528050240e-01  -4.9570976843684189e-01
   2.2850753685605443e-01  -2.8435999507530685e-01  -5.7558855513100893e-01
   5.5250952459831049e-01  -2.8435999507530685e-01  -6.2965993080018401e-01
  -2.0349511346695373e-01   4.6485000205195548e-01   7.2712238662273831e-01
  -3.1149577604770579e-01   5.7188000164156438e-01   9.1111475641822659e-01
  -3.1149577604770579e-01   3.8457750235974880e-01   3.3520243628695501e-01
  -2.0349511346695373e-01   2.6416875282143876e-01   1.6938744559936909e-03
   6.0650985588868656e-01  -1.6395124553699683e-01  -7.7292240618038743e-01
   3.9050853072718250e-01  -2.1746624533180128e-01  -6.2293811993198833e-01
   3.9050853072718250e-01  -2.7098124512660576e-01  -6.3058419888831407e-01
   5.5250952459831049e-01  -2.7098124512660576e-01  -6.0987271504081264e-01
   6.2000993871128052e-01  -1.6395124553699683e-01  -5.6541632884540893e-01
   3.5000828225940045e-01   1.3038125333442765e-01   8.2400438993861444e-02
  -1.4949478217657772e-01   3.5782000246234658e-01   7.6291391044419254e-01
   5.3900944177571652e-01  -2.8435999507530685e-01  -5.4157672771549725e-01
   3.6350836508199447e-01  -2.8435999507530685e-01  -4.1207517567683005e-01
   2.9600795096902444e-01  -2.3084499528050240e-01  -5.8506019503931128e-01
   3.5000828225940045e-01  -1.2381499569089349e-01  -5.1780155520059112e-01
  -1.4949478217657772e-01   3.5782000246234658e-01   1.0888314602051646e-01
   1.0700679145270839e-01   2.5079000287273767e-01   3.3701184435986975e-01
  -9.4599966870962393e-01   5.8525875159026552e-01   8.4119716229001229e-01
  -1.2249461653138970e-01  -2.0408749538310017e-01  -3.7837380962510125e-01
  -1.4493953950637658e-02  -2.0408749538310017e-01  -3.2740603967637905e-01
  -9.5494450886201690e-02   1.8389625312923211e-01   3.4364666643224628e-01
  -6.0849759814477389e-01   4.5147125210325434e-01   8.0762071125610513e-01
   2.6900778532383646e-01  -2.0408749538310017e-01  -4.3065903399730687e-01
   5.3900944177571652e-01  -2.0408749538310017e-01  -2.6346562536045315e-01
   2.9600795096902444e-01   2.3351253744818747e-02   2.9293698218365188e-01
  -2.7099552757992373e-01   5.5850125169286324e-01   7.6337254718921654e-01
   1.2050687427530239e-01   6.3487503590922090e-02  -2.0208129064554659e-01
   2.5550770250124244e-01  -4.3542495998686821e-02  -4.7656348127406623e-01
   7.4151068411462662e-01  -2.0408749538310017e-01  -7.5360223260481563e-01
   6.8751035282425055e-01  -2.5760249517790462e-01  -6.1665739531854435e-01
   5.6600960742090456e-01  -1.3719374563959461e-01   5.6215156602228443e-02
  -2.9799569322511177e-01   1.4376000328312877e-01   3.9736666444162588e-01
  -2.7994036773231663e-02  -9.7057495793491266e-02  -3.8761047727612866e-02
   3.9506377339738365e-02  -2.0408749538310017e-01  -4.6959895312289801e-01
   4.9850919330793453e-01  -2.0408749538310017e-01  -6.9752860596624910e-01
   8.2251118105019061e-01  -2.5760249517790462e-01  -8.2592976353193492e-01
   4.0400861354977646e-01   9.9725037961176342e-03   2.6518597540767597e-01
  -8.1994368063607687e-02  -1.6784996101284592e-02   9.5401625316171232e-02
  -2.1699519628954772e-01   1.1700250338572654e-01  -7.9547134892870089e-02
   6.3351002153387459e-01  -2.0408749538310017e-01  -7.3084509448495238e-01
   7.9551101540500258e-01  -3.1111749497270907e-01  -8.4743438818515238e-01
   1.3400695709789640e-01  -2.5760249517790462e-01  -4.2440799118067812e-01
   2.0150737121086643e-01  -9.7057495793491266e-02   5.7268880776921792e-02
  -5.8149743249958585e-01   2.9092625271884098e-01   5.7403567729944405e-01
  -1.0899453370879569e-01  -5.6921245947387934e-02   6.6962427856788825e-02
   5.3006460162332368e-02  -2.1746624533180128e-01  -4.1147383981250613e-01
  -5.0049693556402186e-01   1.3038125333442765e-01   4.5189881668593293e-02
   3.9506377339738365e-02   9.9725037961176342e-03  -1.8629040190284030e-01
   5.3006460162332368e-02   1.8389625312923211e-01  -1.4164248352106647e-02
   5.7950969024349852e-01  -1.2381499569089349e-01  -6.9210212204657251e-01
   5.2550935895312256e-01  -2.8435999507530685e-01  -7.1607013971692868e-01
   6.8751035282425055e-01  -3.3787499487011130e-01  -7.9065450266262594e-01
   6.8751035282425055e-01  -1.7732999548569794e-01  -2.3955387467002709e-01
   5.2550935895312256e-01  -7.0299995896089040e-02  -5.7046708451907724e-01
  -3.7899619016067576e-01   9.0245003488324316e-02   3.5889505198946778e-02
  -6.7599801225774392e-01   2.3741125292403656e-01   3.9153983854059954e-01
  -6.7599801225774392e-01   3.9795625230844989e-01   8.5657917466535682e-01
  -6.2199768096736785e-01   3.4444125251364544e-01   7.1176733605891274e-01
  -8.9199933741924797e-01   4.2471375220585211e-01   5.6430284535685915e-01
  -4.3299652145105183e-01   2.6416875282143876e-01   5.5719678666541017e-01
  -2.5749544475732972e-01   1.9727500307793322e-01   8.2689545433615327e-02
  -1.4949478217657772e-01   9.9725037961176342e-03  -1.7212054696438739e-01
   1.0700679145270839e-01  -9.7057495793491266e-02  -2.4776958460313631e-01
   2.6900778532383646e-01  -9.7057495793491266e-02   1.9804715341912946e-02
  -1.0899453370879569e-01   1.8389625312923211e-01   3.8730394690354758e-01
  -2.9799569322511177e-01   6.3487503590922090e-02   1.4527421208890828e-01
  -5.6799734967699189e-01   6.3487503590922090e-02   1.9022746949775163e-01
  -1.4493953950637658e-02  -1.6395124553699683e-01  -2.9226090953139061e-01
   3.0950803379161845e-01  -2.1746624533180128e-01  -4.3104345277163547e-01
   3.0950803379161845e-01  -2.7098124512660576e-01  -5.0609646409270259e-01
   3.0950803379161845e-01  -1.6395124553699683e-01  -5.2119552733407282e-01
   1.4750703992049041e-01   1.3038125333442765e-01  -7.0379520788779043e-02
  -3.9249627298326978e-01   4.2471375220585211e-01   8.0827377070715845e-01
  -1.8999503064435971e-01   1.3038125333442765e-01   4.1759085392159201e-01
  -2.9799569322511177e-01   6.3487503590922090e-02   1.0118965345356398e-01
   3.9506377339738365e-02  -1.5057249558829572e-01  -1.2731006242737275e-01
   3.9506377339738365e-02  -2.0408749538310017e-01  -2.9645382257214242e-01
  -2.7994036773231663e-02  -2.0408749538310017e-01  -3.1366762775427487e-01
  -5.0049693556402186e-01   2.5079000287273767e-01   5.2285797011569941e-02
  -8.3799900612887190e-01   3.5782000246234658e-01   5.8993534022469329e-01
  -9.3249958588702997e-01   3.3106250256494435e-01   6.9550261682696657e-01
  -1.7649494782176572e-01  -1.5057249558829572e-01  -1.2866407995700896e-01
  -2.9799569322511177e-01  -1.5057249558829572e-01  -1.3766014950601735e-01
  -5.8149743249958585e-01   9.9725037961176342e-03   4.2303670585576429e-02
  -2.5749544475732972e-01  -9.7057495793491266e-02  -8.1465813756303337e-02
   2.5550770250124244e-01  -2.5760249517790462e-01  -5.0509874715724601e-01
   3.0950803379161845e-01  -2.5760249517790462e-01  -6.3032848181342072e-01
   2.5550770250124244e-01  -2.5760249517790462e-01  -5.1181636039907097e-01
   7.6851084975981465e-01  -2.5760249517790462e-01  -8.6329997275470038e-01
   3.9506377339738365e-02   1.3038125333442765e-01   4.6378616467569350e-01
  -2.7994036773231663e-02  -1.1043624574219238e-01  -2.2084505069266622e-01
   5.2550935895312256e-01  -2.1746624533180128e-01  -7.2600437784347105e-01
   4.5800894484015253e-01  -3.4062461525834788e-03  -6.0924454171647990e-01
  -7.7049859201590187e-01   8.6621250051298881e-01   9.2048916545437087e-01
   3.7700844790458848e-01  -9.7057495793491266e-02  -6.1524007580370543e-01
   5.3900944177571652e-01   6.3487503590922090e-02  -5.5022585166763605e-01
   5.9300977306609259e-01  -2.1746624533180128e-01  -7.4164822132057240e-01
   6.4701010435646855e-01  -1.1043624574219238e-01   1.7060385498047420e-01
  -8.1994368063607687e-02   3.0430500266754212e-01   6.9693719402961118e-01
  -6.0849759814477389e-01   3.7119875241104766e-01   6.8276790183105673e-01
  -9.5494450886201690e-02   9.9725037961176342e-03   9.1857255701767032e-02
  -9.5494450886201690e-02   9.9725037961176342e-03  -2.9373226353043291e-02
  -2.0349511346695373e-01  -4.3542495998686821e-02  -1.3775736716455064e-01
   2.2850753685605443e-01   9.9725037961176342e-03  -4.2654279200904394e-01
  -3.1149577604770579e-01   1.3038125333442765e-01   4.0806859125335132e-01
   3.9506377339738365e-02  -9.7057495793491266e-02  -3.8730334782923978e-04
   2.0150737121086643e-01  -1.5057249558829572e-01   1.4419864660063397e-01
  -2.7099552757992373e-01   1.8389625312923211e-01   5.3956117210565713e-01
  -4.5999668709623981e-01   9.9725037961176342e-03   7.1922336723849886e-02
   6.8751035282425055e-01  -2.0408749538310017e-01  -8.1627172119007518e-01
   6.8751035282425055e-01  -2.5760249517790462e-01  -6.3868728591209878e-01
  -3.2499585887029975e-01  -1.6784996101284592e-02  -5.1652390346146437e-02
   4.9850919330793453e-01  -1.7732999548569794e-01  -1.1904818203538949e-01
  -1.6299486499917171e-01   2.3741125292403656e-01   5.2822663265881287e-01
  -8.3799900612887190e-01   8.5283375056428778e-01   9.2363089204282245e-01
  -8.6499917177405994e-01   2.7754750277013990e-01   6.0978188676896783e-01
  -7.9749875766108991e-01   2.7754750277013990e-01   6.8785606990451575e-01
  -7.9749875766108991e-01   3.1768375261624321e-01   6.7993034457639867e-01
  -6.3549776378996192e-01   6.3487503590922090e-02   1.5953990294459655e-01
  -3.6549610733808180e-01   6.3487503590922090e-02  -1.3499699502273885e-01
   3.2300811661421247e-01   9.9725037961176342e-03  -2.7440367228718848e-01
   1.4750703992049041e-01  -4.3542495998686821e-02   2.0788551063369715e-01
  -5.2749710120920978e-01   2.3741125292403656e-01   2.2169109476582757e-01
