   2.3448275862068965e-01   5.3921568627450978e-01   2.6966292134831460e-01   3.6507936507936506e-01   8.9692970220053947e-01   3.9746613317420176e-01   5.6895876799011225e-01   8.2857094594277494e-02   8.4197728712508968e-01
   2.3448275862068965e-01   5.3921568627450978e-01   2.6966292134831460e-01   3.6507936507936506e-01   8.9960144811283438e-01   3.9385435566251320e-01   5.5678391786088421e-01   8.1830294170573942e-02   8.3880514943536399e-01
   2.3448275862068965e-01   5.3921568627450978e-01   2.6966292134831460e-01   3.6507936507936506e-01   8.8182019377419874e-01   4.0058723799333401e-01   5.7888373933915938e-01   1.0065840552790309e-01   8.4656244541256154e-01
   2.6206896551724140e-01   4.5098039215686275e-01   3.1460674157303370e-01   3.3333333333333331e-01   8.0441325710591605e-01   4.4406951131118405e-01   4.6797815738676285e-01   2.1035084345675148e-01   8.7928147900692577e-01
   4.0689655172413791e-01   2.6470588235294118e-01   4.1573033707865170e-01   3.3333333333333331e-01   5.0691085356614018e-01   5.9107727545352484e-01   5.9404840712612239e-01   5.0233391569013708e-01   9.2168232349236912e-01
   5.3103448275862064e-01   1.3725490196078433e-01   5.0561797752808990e-01   3.3333333333333331e-01   4.1807103862200962e-01   6.4543099361435097e-01   5.1268662336354198e-01   5.4836822822390086e-01   9.2706586892559262e-01
   6.7586206896551726e-01   5.8823529411764705e-02   6.1797752808988760e-01   3.3333333333333331e-01   2.8851345468480211e-01   7.4584239681013842e-01   3.4546800879133799e-01   7.0247919613411169e-01   9.2599785581118155e-01
   7.9310344827586210e-01   5.8823529411764705e-02   7.0786516853932580e-01   3.3333333333333331e-01   1.5764162447420529e-01   7.6042833181816272e-01   4.1338924992686055e-01   7.3172278494172294e-01   8.9795079847160753e-01
   8.7586206896551722e-01   5.8823529411764705e-02   7.9775280898876400e-01   4.2857142857142855e-01   7.6938535523414314e-02   7.0610882025773947e-01   3.5420877058465189e-01   7.9351120631536720e-01   8.9046812214774851e-01
   9.5862068965517244e-01   9.8039215686274508e-02   8.4269662921348309e-01   5.3174603174603174e-01   6.5063619536768272e-02   5.7594439264277941e-01   2.2795960811389665e-01   8.2069597222531365e-01   8.2292848336175972e-01
   5.3103448275862064e-01   7.1568627450980393e-01   5.6179775280898880e-01   4.5238095238095238e-01   9.9870387472972899e-01   2.2296354197696593e-02   6.0505119804273499e-01   0.0000000000000000e+00   1.8631391319385252e-01
   1.4482758620689656e-01   5.0980392156862742e-01   1.4606741573033707e-01   1.5079365079365079e-01   9.3628227891726645e-01   6.4210754370628498e-01   4.6524215035674887e-01   8.2410189036981690e-02   9.0753127244003273e-01
   3.1724137931034485e-01   3.1372549019607843e-01   2.3595505617977527e-01   2.1428571428571427e-01   7.1627754784531106e-01   7.0076842604292777e-01   6.0977942372667215e-01   3.3210486931282018e-01   9.3409192631404392e-01
   3.7241379310344830e-01   2.3529411764705882e-01   3.2584269662921350e-01   4.0476190476190477e-01   6.0484800935771144e-01   7.4712058108822921e-01   6.1149665959500843e-01   4.9842925472193195e-01   8.8121530670904902e-01
   4.8275862068965519e-01   1.4705882352941177e-01   4.1573033707865170e-01   6.1111111111111116e-01   4.8500683629677782e-01   7.6843581601383637e-01   5.5028697344332511e-01   6.2470250803311378e-01   7.2405231684776183e-01
   5.3103448275862064e-01   1.0784313725490197e-01   5.0561797752808990e-01   7.2222222222222221e-01   3.5576386884482225e-01   8.1260318924265473e-01   5.1210775007782539e-01   7.0952812210879190e-01   6.0312179967064095e-01
   5.9310344827586203e-01   6.8627450980392163e-02   7.6404494382022470e-01   7.5396825396825395e-01   2.7794522338813465e-01   7.3590155135669777e-01   2.7292271020526193e-01   7.8232902015006145e-01   5.6506569871522283e-01
   7.9310344827586210e-01   6.8627450980392163e-02   8.6516853932584270e-01   7.8571428571428570e-01   1.6903216057735831e-01   6.6672409084895390e-01   1.7105423851437268e-01   8.7419858100483916e-01   5.9463241172155257e-01
   8.8275862068965516e-01   6.8627450980392163e-02   9.1011235955056180e-01   8.1746031746031744e-01   1.3718528071082378e-01   5.3946096029416701e-01   8.7681506949591009e-02   9.3991977363138113e-01   6.0376695571706596e-01
   8.8275862068965516e-01   1.8627450980392157e-01   8.6516853932584270e-01   8.4920634920634919e-01   2.2709898593511987e-01   3.2101370374212873e-01   1.1238347493102538e-01   8.4404396643375590e-01   5.2967610306257851e-01
   1.5172413793103448e-01   1.0000000000000000e+00   7.1910112359550560e-01   8.8095238095238093e-01   1.0000000000000000e+00   1.0806696716862846e-01   7.9415380111771983e-01   4.0701426315386136e-01   2.8782282851182141e-02
   1.4482758620689656e-01   4.3137254901960786e-01   3.1460674157303370e-01   3.1746031746031744e-01   8.5683026580962129e-01   6.3681648034162075e-01   6.0377859981587656e-01   2.8985723206455610e-01   8.7765474268315802e-01
   3.3793103448275863e-01   2.3529411764705882e-01   4.0449438202247190e-01   5.0793650793650791e-01   6.9157479645904285e-01   6.8318407202118903e-01   5.4443030600034614e-01   5.2198679470565301e-01   8.3085108993318768e-01
   4.2758620689655175e-01   1.5686274509803921e-01   4.4943820224719100e-01   5.7142857142857140e-01   5.4463973163750046e-01   7.5585583872815576e-01   5.5269364372129870e-01   6.1403103226392763e-01   7.8417678938928259e-01
   4.8275862068965519e-01   7.8431372549019607e-02   4.9438202247191010e-01   7.5396825396825395e-01   4.3131537995011021e-01   7.9633951175658335e-01   5.1645987537036009e-01   6.6286727284473324e-01   6.0084361565066313e-01
   5.0344827586206897e-01   7.8431372549019607e-02   6.1797752808988760e-01   8.4920634920634919e-01   3.8794682149121518e-01   7.5607270291332007e-01   3.5864037600200938e-01   7.4696116191374862e-01   4.9875870697184532e-01
   5.5862068965517242e-01   7.8431372549019607e-02   9.2134831460674160e-01   8.8095238095238093e-01   3.6277727090339484e-01   5.5732814373147488e-01   9.0998757323268301e-02   8.8796501339784217e-01   4.9505369461066862e-01
   6.8275862068965520e-01   1.1764705882352941e-01   9.2134831460674160e-01   8.8095238095238093e-01   3.0355847210458209e-01   4.3910804283744609e-01   6.3561227208439403e-02   8.9362462600622528e-01   5.0472699970566959e-01
   5.9999999999999998e-01   2.4509803921568626e-01   9.2134831460674160e-01   8.8095238095238093e-01   4.6287153999949948e-01   1.5189211032277203e-01   1.0295470413291791e-01   7.5835244592733664e-01   4.8510826090601605e-01
   8.2758620689655171e-02   8.1372549019607843e-01   8.7640449438202250e-01   8.8095238095238093e-01   9.6169261220871638e-01   4.5394917467475385e-02   6.5868897995153253e-01   5.1484503681723670e-01   0.0000000000000000e+00
   1.1034482758620690e-01   9.3137254901960786e-01   7.4157303370786520e-01   8.0952380952380953e-01   9.8951993890041912e-01   3.3695697421764903e-01   8.1005142449367051e-01   4.1579756037113308e-01   9.0773480174308432e-02
   1.3793103448275862e-01   4.1176470588235292e-01   2.8089887640449440e-01   2.0634920634920634e-01   9.0474442722973725e-01   7.2475955244978851e-01   5.3029627838025639e-01   1.8790262866149013e-01   8.5413988961112663e-01
   4.0000000000000002e-01   1.8627450980392157e-01   2.3595505617977527e-01   1.7460317460317459e-01   6.6848952409911011e-01   8.2333707105311515e-01   7.2047024327687326e-01   2.9087051124191676e-01   9.5258178396797510e-01
   5.0344827586206897e-01   1.0784313725490197e-01   2.3595505617977527e-01   3.3333333333333331e-01   5.7027176073384422e-01   8.0703369233343281e-01   5.9926950137113477e-01   5.2914051864566969e-01   8.9077005479759697e-01
   5.9310344827586203e-01   6.8627450980392163e-02   3.2584269662921350e-01   5.6349206349206349e-01   4.6496231834486762e-01   8.2468304103959811e-01   5.8212037910970005e-01   6.2095798140290703e-01   7.6371047168540285e-01
   6.8275862068965520e-01   1.0784313725490197e-01   3.2584269662921350e-01   6.3492063492063489e-01   4.3106865155841262e-01   6.9398505707813374e-01   5.2928895289783340e-01   6.5400024159653125e-01   7.3164631162186411e-01
   7.3793103448275865e-01   2.2549019607843138e-01   3.2584269662921350e-01   7.5396825396825395e-01   4.2865561725505075e-01   5.1478160687667818e-01   4.9751779582589084e-01   6.5395455222906962e-01   6.6595678969905447e-01
   7.1034482758620687e-01   3.7254901960784315e-01   3.2584269662921350e-01   7.2222222222222221e-01   5.8560798257584967e-01   2.5643550710076651e-01   4.7171747881238679e-01   4.2946785863595732e-01   6.8830566238004764e-01
   6.4827586206896548e-01   4.9019607843137253e-01   3.2584269662921350e-01   4.2063492063492064e-01   8.9567440724867620e-01   1.8527247290489221e-01   4.4736318935215952e-01   2.4815952518300124e-02   7.2453908686344648e-01
   3.5862068965517241e-01   3.0392156862745096e-01   1.9101123595505617e-01   1.8253968253968253e-01   7.3107049012871073e-01   7.4278653098672442e-01   6.0441271825436815e-01   2.8277300184215221e-01   9.4700978727838148e-01
   5.0344827586206897e-01   1.4705882352941177e-01   2.3595505617977527e-01   2.8571428571428570e-01   5.6443161951787613e-01   8.0362613954654150e-01   6.3075026455323790e-01   4.9130562041365300e-01   9.2716678318398793e-01
   6.4827586206896548e-01   1.0784313725490197e-01   2.8089887640449440e-01   5.1587301587301593e-01   4.2045231144914752e-01   8.1868497289581166e-01   6.6140151989543072e-01   5.7304668744615561e-01   7.9810641768042279e-01
   7.0344827586206893e-01   1.8627450980392157e-01   2.8089887640449440e-01   5.4761904761904767e-01   4.8858654558469061e-01   6.1477202741294545e-01   4.9451767984983308e-01   5.5236110422040563e-01   8.0982421721131537e-01
   7.1034482758620687e-01   3.1372549019607843e-01   2.3595505617977527e-01   5.4761904761904767e-01   5.5280144953190180e-01   4.4357437332496613e-01   5.0089450002580749e-01   4.6477768050873353e-01   8.3091674172327956e-01
   6.4827586206896548e-01   4.0196078431372551e-01   1.9101123595505617e-01   5.4761904761904767e-01   7.0985431437507940e-01   3.9193514105409655e-01   5.2272163566440111e-01   2.9826858516895033e-01   8.1644895487360392e-01
   4.6896551724137930e-01   5.1960784313725494e-01   1.4606741573033707e-01   5.1587301587301593e-01   8.7275455560826576e-01   3.9559646903537143e-01   5.1873727009645854e-01   1.1398735911821906e-01   7.7554626745632493e-01
   3.4482758620689657e-01   3.1372549019607843e-01   1.9101123595505617e-01   2.8571428571428570e-01   6.8661493813202268e-01   7.2882847758666602e-01   6.4115114765300985e-01   3.9679058067856027e-01   9.1665599418452381e-01
   4.5517241379310347e-01   1.9607843137254902e-01   2.3595505617977527e-01   4.1269841269841268e-01   6.1657872878454445e-01   7.5082818729538348e-01   5.7047858851400013e-01   4.8486631840230759e-01   8.9145057793569649e-01
   5.8620689655172409e-01   1.1764705882352941e-01   2.8089887640449440e-01   5.0793650793650791e-01   4.7446592558397699e-01   7.9550845500809131e-01   5.9978574532519002e-01   5.6850632002611057e-01   8.3215238604199959e-01
   6.9655172413793098e-01   1.5686274509803921e-01   2.8089887640449440e-01   5.0793650793650791e-01   4.4161721799875314e-01   7.2455844524268198e-01   5.9869419881185970e-01   5.7498560035010760e-01   8.6846451419524962e-01
   6.4137931034482754e-01   3.3333333333333331e-01   1.9101123595505617e-01   5.0793650793650791e-01   6.0183732362707898e-01   5.3315445403627926e-01   5.5758783691700531e-01   4.3300076655238084e-01   9.0917885446607383e-01
   5.8620689655172409e-01   4.0196078431372551e-01   4.4943820224719100e-02   1.5079365079365079e-01   8.1239991645920429e-01   5.5196182109649683e-01   4.8304513384496217e-01   8.4638765221046089e-02   9.7874636326350295e-01
   4.4137931034482758e-01   4.9019607843137253e-01   4.4943820224719100e-02   1.5079365079365079e-01   9.0058801056889004e-01   5.7296808946196298e-01   4.3387215706180376e-01   3.6649774656923192e-02   9.6819794107104395e-01
   3.8620689655172413e-01   4.9019607843137253e-01   4.4943820224719100e-02   1.5079365079365079e-01   8.9834149593671253e-01   6.2649042126375787e-01   4.5648084597499150e-01   5.6099231304123191e-02   9.7001637756615000e-01
   3.5862068965517241e-01   4.1176470588235292e-01   4.4943820224719100e-02   1.1904761904761904e-01   7.6449429002253499e-01   7.4006939858756893e-01   6.9284451732908292e-01   2.1432963704648880e-01   9.9440898411910439e-01
   3.5862068965517241e-01   4.1176470588235292e-01   8.9887640449438200e-02   1.1904761904761904e-01   8.5070656511911891e-01   6.8568149031162762e-01   4.7312259226853653e-01   8.5536189718080316e-02   9.7185978215887014e-01
   3.5862068965517241e-01   4.1176470588235292e-01   8.9887640449438200e-02   1.1904761904761904e-01   8.7053380091065502e-01   6.8241595908154506e-01   4.7598859477584854e-01   8.1854679461554836e-02   9.4207203894716474e-01
   3.5862068965517241e-01   3.5294117647058826e-01   1.3483146067415730e-01   1.1904761904761904e-01   7.7754792233093140e-01   7.1355184354217427e-01   5.1458131346088953e-01   1.6582610298616163e-01   9.9169868657088689e-01
   5.0344827586206897e-01   1.9607843137254902e-01   1.3483146067415730e-01   1.1904761904761904e-01   6.1113218339760844e-01   8.0322875390577830e-01   5.6872733015149035e-01   3.0453535458428943e-01   9.8171729521972462e-01
   6.7586206896551726e-01   7.8431372549019607e-02   2.6966292134831460e-01   1.5079365079365079e-01   3.8628052458074369e-01   8.6872982740595872e-01   6.0795090997000789e-01   4.5677499851226755e-01   9.2367185651280381e-01
   8.3448275862068966e-01   3.9215686274509803e-02   5.0561797752808990e-01   2.4603174603174602e-01   1.6646453671139436e-01   8.2665300529730701e-01   5.2862495742868598e-01   6.2863591972749733e-01   9.9116457341165598e-01
   9.4482758620689655e-01   3.9215686274509803e-02   7.9775280898876400e-01   4.1269841269841268e-01   1.0754897152579188e-01   6.8733298810253896e-01   2.5626367864848976e-01   7.5849251391576655e-01   8.6618611479436569e-01
   9.7241379310344822e-01   3.9215686274509803e-02   8.4269662921348309e-01   5.3968253968253965e-01   4.4307691265452483e-02   6.4518650865762306e-01   2.5363152095146207e-01   8.0375334909543505e-01   8.3645899279190705e-01
   1.0000000000000000e+00   7.8431372549019607e-02   8.8764044943820219e-01   5.7936507936507942e-01   3.6652260853233976e-02   5.7911726202236780e-01   1.3888236344914065e-01   8.5983085379678303e-01   8.5737309910440374e-01
   3.2413793103448274e-01   3.1372549019607843e-01   1.5730337078651685e-01   1.1904761904761904e-01   7.8237088850157788e-01   8.0668567457211571e-01   5.5943189499020196e-01   1.5929862816509174e-01   9.3489253599084365e-01
   4.4137931034482758e-01   1.9607843137254902e-01   2.4719101123595505e-01   2.5396825396825395e-01   6.0414527652278849e-01   8.2221632783221443e-01   6.1357502999337121e-01   4.4089872650126422e-01   9.2744669697194992e-01
   5.3793103448275859e-01   7.8431372549019607e-02   4.2696629213483145e-01   6.3492063492063489e-01   4.1273782111815382e-01   8.6108947135850000e-01   5.4233556239446579e-01   6.6813349784050735e-01   6.7280847985505976e-01
   6.2758620689655176e-01   3.9215686274509803e-02   7.0786516853932580e-01   7.6190476190476186e-01   2.6183493513467032e-01   8.2586122979681242e-01   2.9058494398275747e-01   8.2944533696637601e-01   5.8687936393061768e-01
   7.6551724137931032e-01   0.0000000000000000e+00   8.4269662921348309e-01   8.2539682539682535e-01   1.6359408888239504e-01   7.2016809610241528e-01   1.5927443186355758e-01   8.4723421092641593e-01   6.4443291700235306e-01
   9.0344827586206899e-01   0.0000000000000000e+00   8.8764044943820219e-01   8.5714285714285710e-01   1.1678925699734152e-01   5.8547834632146267e-01   1.2091465037778436e-01   9.0182870892674283e-01   5.8833304768814876e-01
   2.3448275862068965e-01   4.6078431372549017e-01   2.3595505617977527e-01   2.2222222222222221e-01   8.2916874012814856e-01   6.8863853445018552e-01   5.5401081600517399e-01   1.8348245042444641e-01   8.9844817169428048e-01
   4.3448275862068964e-01   1.7647058823529413e-01   3.2584269662921350e-01   3.0158730158730157e-01   5.7813940355242155e-01   8.0928896480425916e-01   6.1186655805347234e-01   5.3676504227661792e-01   8.8776517943743238e-01
   4.6206896551724136e-01   1.3725490196078433e-01   3.7078651685393260e-01   5.7936507936507942e-01   4.6583115504765199e-01   8.3749643501767068e-01   6.7153722053111953e-01   6.2640049207001369e-01   7.3599084362674982e-01
   5.0344827586206897e-01   5.8823529411764705e-02   4.6067415730337080e-01   7.6190476190476186e-01   3.9341245265641139e-01   8.5501424200064235e-01   5.1375083556513212e-01   7.1096627492821629e-01   5.5469573727583721e-01
   4.9655172413793103e-01   5.8823529411764705e-02   7.5280898876404490e-01   8.5714285714285710e-01   3.5208825988051218e-01   7.8194009708482437e-01   2.5733119423755463e-01   8.3437065343215588e-01   4.9443531582266792e-01
   5.5862068965517242e-01   5.8823529411764705e-02   8.8764044943820219e-01   8.5714285714285710e-01   2.9745204985639973e-01   6.8427130492777866e-01   1.5258886147199621e-01   8.6519744731209969e-01   5.1409054865658033e-01
   6.1379310344827587e-01   1.7647058823529413e-01   8.8764044943820219e-01   8.8888888888888884e-01   3.4500796533728884e-01   4.2425637827264223e-01   1.1466998880626056e-01   8.5692238222991701e-01   5.2272444396268947e-01
   5.3103448275862064e-01   2.9411764705882354e-01   8.8764044943820219e-01   8.8888888888888884e-01   5.8225462333897882e-01   8.3981873113594785e-02   1.4079860097665875e-01   7.0958563527721152e-01   4.0933752335639845e-01
   2.0689655172413793e-01   4.9019607843137253e-01   1.7977528089887640e-01   1.9841269841269840e-01   9.5285275575121609e-01   6.6985789041697030e-01   4.4895521276669970e-01   1.4520750970277774e-01   7.5732515440455350e-01
   3.7931034482758619e-01   3.0392156862745096e-01   1.7977528089887640e-01   1.3492063492063491e-01   6.8703967079087180e-01   7.9828739937142879e-01   6.5560193997163341e-01   2.7145349010880715e-01   9.6695168739034942e-01
   5.3103448275862064e-01   1.4705882352941177e-01   1.2359550561797752e-01   1.0317460317460317e-01   6.0288163796707572e-01   9.2599011975969370e-01   6.6149392916806460e-01   2.9111694774541630e-01   9.9564174214919798e-01
   5.8620689655172409e-01   9.8039215686274508e-02   2.1348314606741572e-01   4.5238095238095238e-01   3.9470182336292403e-01   9.6214635460806797e-01   7.4299677092214056e-01   5.6829370674915680e-01   8.3545611689719046e-01
   6.1379310344827587e-01   5.8823529411764705e-02   2.5842696629213485e-01   6.3492063492063489e-01   4.1371735290546829e-01   8.7080116071039704e-01   5.9469274013755391e-01   6.3840859678491313e-01   6.8483120240885442e-01
   5.5862068965517242e-01   2.2549019607843138e-01   3.4831460674157305e-01   8.6507936507936511e-01   5.2617809925458037e-01   6.5089380689702803e-01   4.5949113725707513e-01   6.9352866936810253e-01   5.2710580555160103e-01
   3.5862068965517241e-01   4.0196078431372551e-01   3.9325842696629215e-01   8.6507936507936511e-01   7.2135359890064865e-01   3.5613064083836221e-01   4.0338464993092360e-01   5.2486356644474663e-01   5.1854838101947653e-01
   2.7586206896551724e-01   5.2941176470588236e-01   3.9325842696629215e-01   7.3809523809523814e-01   7.6526758438962161e-01   3.5082342961026197e-01   5.3230214691435718e-01   3.4158223467129994e-01   6.2829127542931817e-01
   2.7586206896551724e-01   5.6862745098039214e-01   3.0337078651685395e-01   4.8412698412698413e-01   9.1178201094276512e-01   3.8840039491542350e-01   4.8338657883226610e-01   1.1457516841801224e-01   7.3705380019670141e-01
   2.7586206896551724e-01   5.6862745098039214e-01   2.1348314606741572e-01   3.1746031746031744e-01   9.3539277292950473e-01   4.7282791323622936e-01   4.9696536204657726e-01   5.6388074296294478e-02   8.6493266834523641e-01
   2.7586206896551724e-01   4.9019607843137253e-01   6.7415730337078650e-02   1.9047619047619047e-01   8.7438369230713120e-01   6.8725474253860264e-01   5.5148472344540089e-01   8.5742744553991959e-02   9.1741708201987060e-01
   3.9310344827586208e-01   2.7450980392156865e-01   1.5730337078651685e-01   1.5873015873015872e-01   6.7584771959518741e-01   7.9376401745849845e-01   6.2092409086727740e-01   3.4146696364562940e-01   9.5729082233793295e-01
   5.0344827586206897e-01   1.5686274509803921e-01   2.0224719101123595e-01   3.9682539682539680e-01   4.4583788894563836e-01   8.9123859867405697e-01   8.3408572023830052e-01   5.3303458789416924e-01   8.3829626655058298e-01
   5.5862068965517242e-01   1.6666666666666666e-01   2.4719101123595505e-01   4.9206349206349204e-01   4.3043616542335716e-01   8.2618938183339852e-01   7.0785048348899360e-01   6.0389412298632639e-01   8.2153779097280899e-01
   5.5862068965517242e-01   2.4509803921568626e-01   2.4719101123595505e-01   5.2380952380952384e-01   5.0167094406523993e-01   6.8592088043099575e-01   6.1851995771925017e-01   5.7811135152637594e-01   8.2000828985215490e-01
   4.9655172413793103e-01   4.0196078431372551e-01   2.4719101123595505e-01   5.5555555555555558e-01   6.3683788357376447e-01   4.9442300585894872e-01   5.5530694883938447e-01   4.4460930744640154e-01   8.3145039790866804e-01
   3.8620689655172413e-01   4.8039215686274511e-01   2.0224719101123595e-01   3.9682539682539680e-01   7.9622000545402705e-01   4.9921622056549947e-01   5.0803058535751022e-01   2.3800737043928943e-01   8.7668964141368333e-01
   3.3103448275862069e-01   4.8039215686274511e-01   1.5730337078651685e-01   2.6190476190476192e-01   8.7482839226036335e-01   5.6973467647324083e-01   4.9890583032131058e-01   1.3810542950125484e-01   8.8009841887071516e-01
   4.1379310344827586e-01   2.7450980392156865e-01   6.7415730337078650e-02   1.3492063492063491e-01   6.8016071480886975e-01   7.6631959943276295e-01   6.1338270045081078e-01   2.7656166632453438e-01   9.9262966800533781e-01
   5.3103448275862064e-01   1.4705882352941177e-01   2.0224719101123595e-01   1.9841269841269840e-01   4.5241517667132525e-01   8.8534296661473144e-01   6.9306880645643243e-01   4.6018712079826685e-01   9.3932548585921716e-01
   6.1379310344827587e-01   6.8627450980392163e-02   3.3707865168539325e-01   4.3650793650793651e-01   2.9267210271184535e-01   9.0925937569628568e-01   6.2653775583857074e-01   6.7916026970845489e-01   8.0283322097395293e-01
   6.6896551724137931e-01   2.9411764705882353e-02   5.1685393258426970e-01   6.9047619047619047e-01   2.6306027295332129e-01   8.9070475129907678e-01   4.6185775436483800e-01   7.4317506587118820e-01   6.1539066884891958e-01
   6.9655172413793098e-01   6.8627450980392163e-02   7.5280898876404490e-01   7.8571428571428570e-01   1.8090671408594750e-01   7.4614996392622912e-01   2.8632113918813373e-01   8.7753959411054805e-01   6.5074248110227617e-01
   6.9655172413793098e-01   1.5686274509803921e-01   7.5280898876404490e-01   8.1746031746031744e-01   2.8749483699036127e-01   4.8097856595690724e-01   1.7480719641768722e-01   8.5042835009107487e-01   5.6289966059840879e-01
   5.8620689655172409e-01   4.1176470588235292e-01   6.6292134831460670e-01   8.8095238095238093e-01   5.6988186308870814e-01   1.4291216537243221e-02   2.6503043263904508e-01   5.9036521232599404e-01   4.4459147605309413e-01
   2.1379310344827587e-01   3.8235294117647056e-01   3.3707865168539325e-01   4.3650793650793651e-01   7.7099273888392406e-01   6.3582300874913311e-01   5.2483178538726183e-01   4.6754666019683727e-01   8.4649290615118322e-01
   3.2413793103448274e-01   2.3529411764705882e-01   4.2696629213483145e-01   6.0317460317460314e-01   6.1028237123295037e-01   7.2037993125131039e-01   5.4381608770014811e-01   5.9109654837289705e-01   6.8823486750705820e-01
   3.7931034482758619e-01   1.5686274509803921e-01   5.7303370786516850e-01   8.1746031746031744e-01   4.3227007373499216e-01   8.2354708840200641e-01   3.4880821273859763e-01   8.1265607520914962e-01   5.4709611225718513e-01
   3.7931034482758619e-01   1.1764705882352941e-01   8.6516853932584270e-01   8.8095238095238093e-01   3.8728528428255898e-01   6.9500272496493898e-01   1.7544188867100763e-01   8.3320747785793947e-01   4.7758601723382144e-01
   5.6551724137931036e-01   7.8431372549019607e-02   9.1011235955056180e-01   8.8095238095238093e-01   2.4473473258931522e-01   7.1615109033681823e-01   1.6388777475846553e-01   8.7718581014769759e-01   5.8000335376032985e-01
   6.8965517241379315e-01   1.9607843137254902e-01   9.1011235955056180e-01   8.4920634920634919e-01   2.5278821662255102e-01   4.7797075965464564e-01   1.3337778440062731e-01   8.6707877551553070e-01   5.8891862215637125e-01
   3.4482758620689655e-02   6.0784313725490191e-01   1.9101123595505617e-01   1.9841269841269840e-01   9.6106575641565828e-01   5.9009702652751650e-01   5.2227696698061632e-01   1.7066468617209654e-01   9.0307608250249549e-01
   2.4137931034482760e-01   3.0392156862745096e-01   2.8089887640449440e-01   2.6190476190476192e-01   6.6613858605900400e-01   7.1972177941648574e-01   6.7989092589557842e-01   4.8188765101489700e-01   8.9273080448958708e-01
   3.5172413793103446e-01   2.1568627450980393e-01   3.7078651685393260e-01   3.8888888888888890e-01   5.1565610257447214e-01   7.6903455025070822e-01   6.6235286825392581e-01   6.6779545039453547e-01   8.7984926943431618e-01
   4.6206896551724136e-01   1.3725490196078433e-01   5.7303370786516850e-01   5.5555555555555558e-01   3.6645846764263229e-01   8.1943741443146312e-01   5.6084014325888754e-01   7.5479900288829016e-01   7.3684087555268818e-01
   5.0344827586206897e-01   9.8039215686274508e-02   7.5280898876404490e-01   6.3492063492063489e-01   3.0290963412322930e-01   8.1112077787941461e-01   3.4455976453429710e-01   8.3452149826415456e-01   6.9283208726941192e-01
   6.2068965517241381e-01   5.8823529411764705e-02   8.4269662921348309e-01   6.9841269841269837e-01   2.5405048875511393e-01   7.8134097094570343e-01   1.6837879508612494e-01   8.8354399594961153e-01   6.3085934398806576e-01
   8.7586206896551722e-01   5.8823529411764705e-02   8.8764044943820219e-01   6.6666666666666663e-01   8.4689301503778833e-02   7.0968176413515860e-01   1.5229532840723403e-01   9.0656242563403655e-01   8.1057818875152332e-01
   9.6551724137931039e-01   5.8823529411764705e-02   9.3258426966292129e-01   6.6666666666666663e-01   4.0684187330618231e-02   5.7458412830223482e-01   7.4763676470328888e-02   9.3922007234679072e-01   7.8143032753376196e-01
   5.5172413793103448e-02   5.4901960784313730e-01   3.7078651685393260e-01   5.0000000000000000e-01   8.8681019972705033e-01   5.5122874317075443e-01   5.8809421759128866e-01   3.8991834468564579e-01   8.1261713024851479e-01
   3.2413793103448274e-01   2.3529411764705882e-01   3.2584269662921350e-01   1.6666666666666666e-01   6.3949065389789805e-01   8.0947334872328902e-01   6.7192699815741552e-01   4.4795050173815820e-01   9.7858131846363805e-01
   5.0344827586206897e-01   1.0784313725490197e-01   1.9101123595505617e-01   1.3492063492063491e-01   4.5282925440128863e-01   9.3013473519740775e-01   6.1253000165098914e-01   5.4946921951781846e-01   9.6363040073839135e-01
   5.8620689655172409e-01   6.8627450980392163e-02   3.8202247191011235e-01   6.1111111111111116e-01   3.0039414784665996e-01   9.2476123535578059e-01   6.6988815043916028e-01   7.4534577606407615e-01   7.1483388886357557e-01
   5.5172413793103448e-01   6.8627450980392163e-02   5.7303370786516850e-01   8.6507936507936511e-01   2.7146188400788490e-01   8.0125636657594523e-01   4.7685487082449352e-01   8.3162429692869955e-01   4.9846095021012332e-01
   3.8620689655172413e-01   2.7450980392156865e-01   7.0786516853932580e-01   8.9682539682539686e-01   5.0081987017842722e-01   3.8482958674513973e-01   2.7041699345433562e-01   7.6999914332689467e-01   5.2136410851037329e-01
   2.2068965517241379e-01   6.6666666666666663e-01   6.1797752808988760e-01   8.3333333333333337e-01   9.7341078275967052e-01   4.4935844818776903e-02   4.5647973928602154e-01   3.2123792465359247e-01   2.5370498740513098e-01
   0.0000000000000000e+00   5.3921568627450978e-01   1.7977528089887640e-01   1.9047619047619047e-01   9.6079623462343478e-01   5.7733795414506883e-01   4.6134543275443590e-01   1.6816748688998925e-01   9.0339017551846723e-01
   3.0344827586206896e-01   2.7450980392156865e-01   2.6966292134831460e-01   1.9047619047619047e-01   5.8081664105768205e-01   7.7688176796093822e-01   8.2112099845990827e-01   4.6830371712401697e-01   9.0650989773315049e-01
   4.6896551724137930e-01   1.1764705882352941e-01   4.0449438202247190e-01   4.9206349206349204e-01   3.6082887156540372e-01   8.8569212024958621e-01   7.9273718110549085e-01   7.4929184731296372e-01   7.8364674114320987e-01
   5.0344827586206897e-01   7.8431372549019607e-02   4.9438202247191010e-01   6.6666666666666663e-01   2.9371635473139435e-01   9.0715082161612015e-01   5.9326390680531660e-01   7.9099686841712857e-01   6.2898266353967813e-01
   5.5862068965517242e-01   7.8431372549019607e-02   5.7303370786516850e-01   7.3015873015873012e-01   2.7619249589476091e-01   8.9408560848971907e-01   4.6840625371740713e-01   8.3401884937154036e-01   6.1101047873927017e-01
   5.8620689655172409e-01   3.9215686274509803e-02   8.2022471910112360e-01   7.6190476190476186e-01   2.5927262445636368e-01   8.0879275363809544e-01   2.1294260483797942e-01   9.1022258229123265e-01   5.6800095526197503e-01
   6.4137931034482754e-01   1.1764705882352941e-01   8.6516853932584270e-01   7.9365079365079361e-01   2.8910835886882968e-01   6.1998218168809838e-01   1.4524806962131012e-01   8.7197039317831271e-01   5.7956323684012245e-01
   6.4137931034482754e-01   1.9607843137254902e-01   8.6516853932584270e-01   7.9365079365079361e-01   3.1441919970150256e-01   3.7440012934720901e-01   8.6058874178920580e-02   8.6306749546599482e-01   6.2850470541184411e-01
   5.3103448275862064e-01   4.0196078431372551e-01   8.2022471910112360e-01   7.6190476190476186e-01   4.9987149392206037e-01   1.3354851310928596e-02   1.3611069033775056e-01   6.2455869029798938e-01   6.4210869203969134e-01
   2.4827586206896551e-01   4.4117647058823528e-01   1.7977528089887640e-01   2.0634920634920634e-01   7.3719834432833353e-01   6.5964006302652323e-01   6.5170395744047516e-01   2.8282164681090532e-01   9.2488153815310381e-01
   3.9310344827586208e-01   2.2549019607843138e-01   2.6966292134831460e-01   2.0634920634920634e-01   5.8960042337216290e-01   7.7409474736786399e-01   6.0810237595187366e-01   4.3448922430711739e-01   9.6395830917053871e-01
   6.2758620689655176e-01   6.8627450980392163e-02   7.1910112359550560e-01   8.2539682539682535e-01   2.5293779018233975e-01   8.5087473400198177e-01   2.6729247485151769e-01   8.9998321905298129e-01   5.9090531636216581e-01
   6.8275862068965520e-01   1.0784313725490197e-01   9.1011235955056180e-01   8.2539682539682535e-01   1.9552061646362501e-01   6.8801449797295777e-01   1.1154593259700307e-01   9.1088730500396153e-01   6.9656565730803643e-01
   8.8965517241379310e-01   1.0784313725490197e-01   9.5505617977528090e-01   7.3015873015873012e-01   9.0521595160029666e-02   5.6465391964202716e-01   8.6057494628814207e-02   9.4072833171507664e-01   7.4527642534723115e-01
   9.1724137931034477e-01   1.0784313725490197e-01   9.1011235955056180e-01   5.7936507936507942e-01   8.1840006923058761e-02   6.9534380902200121e-01   2.3808403545282525e-01   8.6702666396657690e-01   8.4807962967392203e-01
   8.3448275862068966e-01   1.0784313725490197e-01   1.7977528089887640e-01   8.7301587301587297e-02   3.9052148169147904e-01   8.8645069034284485e-01   5.4407618084858222e-01   4.8537542417640545e-01   9.9218348084053543e-01
   4.2758620689655175e-01   3.7254901960784315e-01   3.2584269662921350e-01   3.3333333333333331e-01   6.6095090691872782e-01   6.0243290325931098e-01   5.0372251696875026e-01   5.0369122566185442e-01   9.3242836633680237e-01
   2.3448275862068965e-01   5.2941176470588236e-01   1.7977528089887640e-01   1.6666666666666666e-01   9.0044687795485090e-01   5.6422906798885519e-01   5.3022090615233808e-01   2.1343455497783934e-01   9.2645799784636373e-01
   3.4482758620689655e-02   7.8431372549019607e-01   7.9775280898876400e-01   7.4603174603174605e-01   9.7025693131250346e-01   2.1356614685776286e-02   3.0320042693140503e-01   4.6496957977590880e-01   2.2844570840899162e-01
   2.9655172413793102e-01   2.7450980392156865e-01   9.3258426966292129e-01   8.0952380952380953e-01   4.1020468066972687e-01   5.5728011627240681e-01   1.0328980055529931e-01   7.4419985538415345e-01   4.6222724578557223e-01
   7.8620689655172415e-01   1.4705882352941177e-01   9.3258426966292129e-01   7.3809523809523814e-01   1.4187564760007285e-01   6.1109336090451583e-01   1.2529396124635739e-01   8.1230843258977103e-01   7.2998068566365637e-01
   8.7586206896551722e-01   2.6470588235294118e-01   8.8764044943820219e-01   5.2380952380952384e-01   3.4234400160265155e-01   1.8974237644839623e-01   4.4627520677785248e-02   6.2364949850493423e-01   7.1594960561891163e-01
   8.4827586206896555e-01   3.5294117647058826e-01   4.7191011235955055e-01   2.4603174603174602e-01   5.0682333164794802e-01   2.9408122742798665e-01   3.0923734329483926e-01   2.8218831239146541e-01   8.5278339899595046e-01
   7.7931034482758621e-01   3.0392156862745096e-01   1.9101123595505617e-01   1.5079365079365079e-01   5.0561961936539968e-01   7.0907411819283406e-01   5.2850180591611418e-01   2.9659790551521509e-01   9.7140953699806698e-01
   6.8965517241379315e-01   1.3725490196078433e-01   1.1235955056179775e-02   5.5555555555555552e-02   4.9767391771489966e-01   9.9482683672852068e-01   5.1012967790555630e-01   2.7957919744055731e-01   9.9874314992310498e-01
   4.3448275862068964e-01   3.4313725490196079e-01   1.0112359550561797e-01   5.5555555555555552e-02   7.7345575783348930e-01   7.2303468811179161e-01   5.4908146840700534e-01   2.1589553384752955e-01   9.8679158466338412e-01
   4.6896551724137930e-01   8.8235294117647065e-02   8.7640449438202250e-01   7.8571428571428570e-01   2.9862930695281731e-01   8.0919902151070189e-01   1.3758021797643627e-01   6.9163115644261097e-01   5.8099124838586558e-01
   8.4827586206896555e-01   4.9019607843137254e-02   9.2134831460674160e-01   6.9047619047619047e-01   9.5020616035958266e-02   7.4915686796837078e-01   1.1652975783965766e-01   8.0887918539001902e-01   7.3577462088665413e-01
   6.4827586206896548e-01   2.0588235294117646e-01   6.7415730337078650e-02   2.3809523809523808e-02   5.8674473336939581e-01   8.8092772270531106e-01   5.5876483284820710e-01   2.9533800759838552e-01   9.9851007333340680e-01
   2.8965517241379313e-01   6.1764705882352944e-01   1.1235955056179775e-01   8.7301587301587297e-02   9.5872738848645567e-01   4.9919773019422681e-01   4.8092233280447094e-01   4.2143305304173644e-02   9.5347359727364112e-01
   4.1379310344827586e-02   6.1764705882352944e-01   7.6404494382022470e-01   7.6190476190476186e-01   9.4426773994144819e-01   4.6956702164334015e-02   2.2753903867522579e-01   3.9363023380828505e-01   2.8222296695093879e-01
   3.3793103448275863e-01   4.4117647058823528e-01   8.0898876404494380e-01   7.9365079365079361e-01   7.0985410945957972e-01   4.2772663345103205e-02   2.0895122767330107e-01   4.8275613171063447e-01   3.3624710649933065e-01
   5.5862068965517242e-01   3.7254901960784315e-01   6.5168539325842700e-01   6.1904761904761907e-01   4.6077104437892374e-01   1.7882646904290872e-01   2.6647826586510365e-01   4.4584056170231767e-01   6.5461636916289601e-01
   8.2068965517241377e-01   1.5686274509803921e-01   7.4157303370786520e-01   5.8730158730158732e-01   1.3393233031696802e-01   4.5851792628548094e-01   2.1253909251462982e-01   6.7329650375226147e-01   7.6925670217968534e-01
   6.6896551724137931e-01   1.5686274509803921e-01   7.8651685393258430e-01   7.6190476190476186e-01   3.2781290895971166e-01   5.0651860408195126e-01   1.1646441858205528e-01   7.8332017893214223e-01   4.8635794551191142e-01
   2.9655172413793102e-01   2.7450980392156865e-01   8.7640449438202250e-01   8.2539682539682535e-01   5.6279548046769601e-01   4.5349563115398323e-01   1.6348540867179645e-01   6.8078162718635049e-01   4.1969907817806457e-01
   2.1379310344827587e-01   3.1372549019607843e-01   7.8651685393258430e-01   6.9047619047619047e-01   6.5958636884196964e-01   5.4389972111651097e-01   3.2401067041679832e-01   5.5952831071029718e-01   6.0904571445746769e-01
   2.9655172413793102e-01   3.6274509803921567e-01   1.3483146067415730e-01   7.9365079365079361e-02   8.5217942140092029e-01   6.5866171353555147e-01   3.9090189620446697e-01   1.0704019048504544e-01   9.2998831429784512e-01
   5.0344827586206897e-01   1.7647058823529413e-01   4.4943820224719100e-02   4.7619047619047616e-02   6.0525299840735636e-01   9.2098926253907387e-01   6.2976941378739748e-01   2.9034892589365974e-01   9.9348016461088307e-01
   5.0344827586206897e-01   1.3725490196078433e-01   2.6966292134831460e-01   4.6031746031746029e-01   4.4821107851038328e-01   8.8663147463057723e-01   6.7288639234140724e-01   6.0326417108092023e-01   8.0935093057984231e-01
   5.0344827586206897e-01   1.3725490196078433e-01   4.0449438202247190e-01   7.6984126984126988e-01   3.8839399392755225e-01   8.9911707295424015e-01   5.8118760294811000e-01   6.9219047664490330e-01   5.0167133647917495e-01
   4.8965517241379308e-01   9.8039215686274508e-02   8.7640449438202250e-01   8.6507936507936511e-01   3.3243394776262192e-01   7.1736941332097559e-01   1.3842857746556711e-01   8.9466494120199580e-01   5.1998130209757953e-01
   8.3448275862068966e-01   9.8039215686274508e-02   9.2134831460674160e-01   6.9841269841269837e-01   1.3991337396614834e-01   6.2512146005778624e-01   1.3754915987925215e-01   8.5078943884561364e-01   7.8241090584720541e-01
   8.8965517241379310e-01   5.8823529411764705e-02   9.2134831460674160e-01   6.9841269841269837e-01   7.0427741999591009e-02   7.7549627660788167e-01   2.0467845049276720e-01   8.9616446261492111e-01   7.8048397703349071e-01
   8.0689655172413788e-01   5.8823529411764705e-02   8.3146067415730340e-01   5.2380952380952384e-01   2.1885342929792967e-01   8.0658394700613756e-01   1.6607940492086173e-01   8.6124250925387369e-01   8.0094772326173480e-01
   6.9655172413793098e-01   1.4705882352941177e-01   1.3483146067415730e-01   7.9365079365079361e-02   4.8029877839326107e-01   8.9806713513978376e-01   5.7253529489909416e-01   4.3114937540741594e-01   9.9370104037432860e-01
   3.7931034482758619e-01   4.8039215686274511e-01   2.3595505617977527e-01   1.4285714285714285e-01   7.4127617845073013e-01   5.5022572719529173e-01   5.6409818245296495e-01   3.1688813820376494e-01   9.7586640189324358e-01
   1.0344827586206896e-01   5.1960784313725494e-01   8.0898876404494380e-01   7.9365079365079361e-01   6.6001025249041512e-01   1.8338179195656840e-01   1.4445892562461499e-01   6.1845873920117334e-01   4.2841470316494312e-01
   4.8965517241379308e-01   2.6470588235294118e-01   8.5393258426966290e-01   7.9365079365079361e-01   3.2573585485787904e-01   4.2361905041092729e-01   1.4133245532170452e-01   7.3776667760599812e-01   6.1298540120759770e-01
   6.9655172413793098e-01   1.8627450980392157e-01   8.5393258426966290e-01   6.1904761904761907e-01   2.0382923641315662e-01   5.7376627325754281e-01   1.6711675830746833e-01   7.8410879186387894e-01   7.5087821815496569e-01
   4.6206896551724136e-01   2.3529411764705882e-01   8.5393258426966290e-01   7.3809523809523814e-01   4.0954642956678011e-01   4.8486369655201539e-01   2.4733471459791215e-01   7.0118197170756635e-01   5.6962129577141507e-01
   4.8965517241379308e-01   3.1372549019607843e-01   5.6179775280898880e-01   4.6825396825396826e-01   5.2373782247778045e-01   4.8541408320309570e-01   4.8311088557739779e-01   4.5529287490313874e-01   8.0209710395507994e-01
   4.9655172413793103e-01   3.6274509803921567e-01   2.8089887640449440e-01   1.6666666666666666e-01   6.9990365369155649e-01   5.0714301412877316e-01   4.8801657882845845e-01   2.0953797011118547e-01   9.2391530881663875e-01
   9.6551724137931033e-02   4.8039215686274511e-01   1.7977528089887640e-01   9.5238095238095233e-02   8.4601928318967334e-01   7.5570911346860437e-01   5.5245735552071784e-01   1.6624172349856559e-01   9.2049422951606719e-01
   4.2758620689655175e-01   1.9607843137254902e-01   8.9887640449438200e-02   9.5238095238095233e-02   5.7623545812062382e-01   9.2340472730957479e-01   7.0943998876588299e-01   3.2413153445865600e-01   9.9081494663305436e-01
   4.5517241379310347e-01   1.5686274509803921e-01   2.8089887640449440e-01   4.6031746031746029e-01   4.4134171581617548e-01   9.1879700433576383e-01   6.8328948440719661e-01   6.3086061671248905e-01   7.9869404670143684e-01
   4.5517241379310347e-01   1.5686274509803921e-01   5.0561797752808990e-01   7.6984126984126988e-01   4.3178911952298510e-01   8.3957005427340248e-01   4.6646170799206743e-01   7.6907941579118011e-01   4.9762133202615710e-01
   4.8275862068965519e-01   1.5686274509803921e-01   8.7640449438202250e-01   8.4126984126984128e-01   3.4508464636229907e-01   6.2559724828333096e-01   1.3604107607598065e-01   8.3936663052019389e-01   5.3285486528307036e-01
   8.0689655172413788e-01   1.5686274509803921e-01   9.2134831460674160e-01   5.7936507936507942e-01   1.5528177732922671e-01   6.4218716509305573e-01   1.9412739810211371e-01   8.1342672893499135e-01   8.0695466741486632e-01
   8.6206896551724133e-01   7.8431372549019607e-02   7.7528089887640450e-01   3.4126984126984128e-01   2.0359605825580537e-01   7.8241899048495023e-01   2.0388863967792370e-01   7.5860196091836252e-01   9.2477122986985139e-01
   7.7241379310344827e-01   1.2745098039215685e-01   1.0112359550561797e-01   3.9682539682539680e-02   4.7300751086262149e-01   9.5641863802048099e-01   5.2125801028073981e-01   3.9843188222249537e-01   9.9339335885316071e-01
   4.6206896551724136e-01   3.6274509803921567e-01   1.0112359550561797e-01   3.9682539682539680e-02   7.5453282848701786e-01   6.8158750445455729e-01   4.8306848415176512e-01   3.0627759898475088e-01   9.9476022676342213e-01
   1.0344827586206896e-01   8.2352941176470584e-01   4.2696629213483145e-01   7.2222222222222221e-01   9.6653825105223135e-01   3.5467534158676656e-01   5.0128287059004828e-01   3.6003286536549500e-01   3.9371255609265227e-01
   1.0344827586206896e-01   4.2156862745098039e-01   7.9775280898876400e-01   7.8571428571428570e-01   7.1217198976910112e-01   2.5266678629652040e-01   2.1389823842601560e-01   5.6455728874205935e-01   4.5250062699781907e-01
   4.0689655172413791e-01   5.4901960784313730e-01   4.6067415730337080e-01   5.5555555555555558e-01   7.0150626333262833e-01   4.4976491129405709e-02   3.2654780550615120e-01   2.1080439443958762e-01   6.2654210114352127e-01
   6.8275862068965520e-01   1.4705882352941177e-01   7.9775280898876400e-01   7.6190476190476186e-01   2.1719101685733758e-01   4.8502453715325222e-01   1.2631246740288565e-01   7.8595492596750860e-01   6.1861887280093975e-01
   7.8620689655172415e-01   1.9607843137254902e-02   8.4269662921348309e-01   8.2539682539682535e-01   1.1334385799782908e-01   6.8578001631349950e-01   1.5788329035107529e-01   8.3160528385022281e-01   5.9277673028288014e-01
   9.3793103448275861e-01   1.9607843137254902e-02   7.9775280898876400e-01   4.5238095238095238e-01   1.1657194157896378e-01   7.3605751591077251e-01   2.3879070125475937e-01   7.3836108606366513e-01   7.7535426490492454e-01
   8.0000000000000004e-01   3.9215686274509803e-02   7.4157303370786520e-01   7.3015873015873012e-01   1.0680255362748466e-01   8.6597282994940594e-01   3.0369854580787331e-01   8.6845782842550678e-01   6.5051523176820136e-01
   6.8965517241379315e-01   3.9215686274509803e-02   8.8764044943820219e-01   8.6507936507936511e-01   1.6839554052090636e-01   7.4276691460605693e-01   1.7510887572320255e-01   9.3226432155270633e-01   5.1180904354676293e-01
   6.8965517241379315e-01   1.5686274509803921e-01   9.3258426966292129e-01   9.2857142857142860e-01   2.1027077735748309e-01   4.3538968262212246e-01   0.0000000000000000e+00   9.5038267673014776e-01   5.3902602565374413e-01
   9.1724137931034477e-01   6.8627450980392163e-02   9.3258426966292129e-01   8.0158730158730163e-01   0.0000000000000000e+00   6.5687660396504111e-01   1.5351733084387986e-01   9.3829160242119580e-01   7.0283266877944928e-01
   8.8965517241379310e-01   6.8627450980392163e-02   2.8089887640449440e-01   9.5238095238095233e-02   1.0881558306855800e-01   9.1263911065974468e-01   1.0000000000000000e+00   5.5364580153042575e-01   1.0000000000000000e+00
   5.9310344827586203e-01   3.5294117647058826e-01   1.0112359550561797e-01   6.3492063492063489e-02   6.5974520889084853e-01   6.1980648188815302e-01   4.2219367703763261e-01   2.6448009187877636e-01   9.8329813627437790e-01
   5.7241379310344831e-01   3.8235294117647056e-01   7.3033707865168540e-01   6.1904761904761907e-01   2.9420145360000921e-01   2.6238156771153703e-01   2.3200062344966169e-01   6.1397431643863409e-01   7.2884544105953186e-01
   5.1724137931034486e-01   4.0196078431372551e-01   6.8539325842696630e-01   6.2698412698412698e-01   4.9521569841026092e-01   1.1425218300319880e-01   1.6963456811767658e-01   5.9788728784411382e-01   6.3413024199165136e-01
   6.2068965517241378e-02   5.8823529411764708e-01   2.8089887640449440e-01   3.1746031746031744e-01   9.1128267988203304e-01   5.5380283584280499e-01   4.9454629527710303e-01   2.3149655400858488e-01   8.0949066623647947e-01
   4.1379310344827586e-02   5.8823529411764708e-01   5.6179775280898880e-01   6.2698412698412698e-01   9.1793731600193706e-01   4.2005624277186476e-01   4.8790767940654700e-01   3.5356435584728146e-01   7.1376636511801306e-01
   2.0689655172413793e-02   4.9019607843137253e-01   1.9101123595505617e-01   1.2698412698412698e-01   8.7842759698035111e-01   7.1759977456521284e-01   5.6102046519766968e-01   1.0486993740914376e-01   8.9790123566213764e-01
   3.8620689655172413e-01   1.8627450980392157e-01   3.2584269662921350e-01   4.2063492063492064e-01   4.7208097674842264e-01   9.0229449285055996e-01   7.2224459083790793e-01   6.3012170306287629e-01   8.0164448521976894e-01
   3.5862068965517241e-01   1.8627450980392157e-01   8.5393258426966290e-01   8.2539682539682535e-01   4.8397406022605632e-01   6.3402213944618468e-01   1.5078798050714881e-01   8.2779555390791260e-01   4.5161246337864197e-01
   6.2068965517241381e-01   6.8627450980392163e-02   9.5505617977528090e-01   7.9365079365079361e-01   2.2269222947430137e-01   7.2951658924886487e-01   1.2852046957365271e-01   8.8423160954706514e-01   6.6037344660844177e-01
   8.6896551724137927e-01   6.8627450980392163e-02   9.1011235955056180e-01   5.5555555555555558e-01   1.1270062448909825e-01   6.9245499949622968e-01   2.3770669466772548e-01   8.4520064825287999e-01   8.2515006852608563e-01
   9.6551724137931039e-01   1.0784313725490197e-01   8.0898876404494380e-01   5.3174603174603174e-01   1.0233094979082692e-01   5.4498862308767149e-01   1.6494287234921173e-01   8.5994845045959523e-01   8.2725957662216376e-01
   5.9310344827586203e-01   2.3529411764705882e-01   9.1011235955056180e-01   9.0476190476190477e-01   3.2558496044507063e-01   4.4046223457626077e-01   5.6866867018023966e-02   9.2792831253067709e-01   5.5289117884721495e-01
   2.0689655172413793e-01   3.6274509803921567e-01   1.0000000000000000e+00   1.0000000000000000e+00   6.3384342425115392e-01   3.4740077171298323e-01   8.5540644730820514e-02   8.3963314977355585e-01   4.0128089235136516e-01
   4.1379310344827586e-01   9.2156862745098034e-01   9.1011235955056180e-01   8.9682539682539686e-01   9.8411110639846155e-01   2.0565783967154078e-01   6.7334490259781987e-01   5.6059283453228492e-01   5.5470011798427796e-02
   9.6551724137931033e-02   5.2941176470588236e-01   1.7977528089887640e-01   1.6666666666666666e-01   8.9872361374557841e-01   6.6918882957650827e-01   5.5572158377030600e-01   7.5554256830058147e-02   8.7850498515628217e-01
   4.6896551724137930e-01   1.9607843137254902e-01   8.9887640449438200e-02   1.3492063492063491e-01   5.2235378022810663e-01   8.5229314279540380e-01   8.1536227277979201e-01   3.4296765735825391e-01   9.7818297397956921e-01
   5.3103448275862064e-01   1.5686274509803921e-01   3.5955056179775280e-01   5.7936507936507942e-01   4.3126483116871839e-01   8.3329237288248403e-01   6.0761739549708738e-01   6.6159698805151335e-01   6.8240560055945831e-01
   3.5172413793103446e-01   2.3529411764705882e-01   8.0898876404494380e-01   8.5714285714285710e-01   4.8901946877594243e-01   6.1858024202839523e-01   2.2967321863250453e-01   8.0235200383804683e-01   4.4888382566229407e-01
   5.7241379310344831e-01   1.5686274509803921e-01   9.4382022471910110e-01   8.8888888888888884e-01   2.9605566031130515e-01   5.3042947088740244e-01   8.5028893564390112e-02   9.0434742356424247e-01   5.5966375439737115e-01
   6.6206896551724137e-01   3.1372549019607843e-01   8.5393258426966290e-01   7.5396825396825395e-01   4.4551791967825227e-01   2.1155529172122704e-02   1.3034714139305481e-01   5.9146670978730775e-01   6.5522249603808114e-01
   2.9655172413793102e-01   3.7254901960784315e-01   1.3483146067415730e-01   1.4285714285714285e-01   7.2764340903532876e-01   7.2146745553905112e-01   5.8740200035430545e-01   2.3981902520288087e-01   9.5226844134559963e-01
   4.6896551724137930e-01   1.4705882352941177e-01   8.2022471910112360e-01   7.8571428571428570e-01   3.5723185332719137e-01   7.5170491618804347e-01   2.1579815961596580e-01   8.4920722457458553e-01   5.0888952716150626e-01
   6.8275862068965520e-01   6.8627450980392163e-02   8.6516853932584270e-01   6.7460317460317465e-01   1.5078086783204836e-01   8.1259840037629583e-01   3.5788394114977529e-01   7.7060574402513693e-01   7.4332965604618995e-01
   7.4482758620689660e-01   1.4705882352941177e-01   1.0112359550561797e-01   5.5555555555555552e-02   5.0633781212108031e-01   8.8106363539078425e-01   4.9825745449261055e-01   4.0241295307319058e-01   9.9126521479189089e-01
   4.4137931034482758e-01   4.4117647058823528e-01   1.0112359550561797e-01   5.5555555555555552e-02   7.8247600412772966e-01   5.9423706329773318e-01   5.0276452065160415e-01   2.1909571004708919e-01   9.9344707705053081e-01
   2.1379310344827587e-01   6.1764705882352944e-01   5.7303370786516850e-01   6.9047619047619047e-01   8.1846345790940711e-01   3.7217747420852862e-02   3.0240261497332371e-01   3.6380438399832354e-01   4.4898020699268132e-01
   5.6551724137931036e-01   3.5294117647058826e-01   7.0786516853932580e-01   6.1111111111111116e-01   3.9606445656090283e-01   2.0947985036169431e-01   2.5290828571381985e-01   5.1561588662320690e-01   6.4780138351923966e-01
   8.6206896551724133e-01   1.8627450980392157e-01   6.6292134831460670e-01   4.4444444444444442e-01   1.6593115924479193e-01   5.0318084376367433e-01   3.7965213851539648e-01   6.6451822148161188e-01   8.2877103552313891e-01
   8.6206896551724133e-01   5.8823529411764705e-02   6.1797752808988760e-01   2.8571428571428570e-01   1.6990461221524908e-01   8.1914434265127156e-01   4.5212072842173617e-01   6.2774798403410781e-01   9.2395933621169823e-01
   4.9655172413793103e-01   4.0196078431372551e-01   4.4943820224719100e-02   4.7619047619047616e-02   7.7579705859116410e-01   5.2269999582948468e-01   5.5213033947040113e-01   1.5488301710136554e-01   9.9200017661756834e-01
   3.4482758620689657e-01   3.5294117647058826e-01   5.6179775280898875e-02   7.1428571428571425e-02   6.1171726799221315e-01   8.0364845325985390e-01   7.3820055566544152e-01   2.3773914040969801e-01   9.9344366637199433e-01
   3.1034482758620691e-01   3.6274509803921567e-01   4.7191011235955055e-01   7.0634920634920639e-01   6.2869598972005114e-01   5.9485828855036416e-01   4.4316092562369558e-01   5.9015940082133778e-01   5.8335471026086338e-01
   2.2068965517241379e-01   2.6470588235294118e-01   9.3258426966292129e-01   8.7301587301587302e-01   5.4060298117394712e-01   5.5113508080032458e-01   1.7719482571907030e-01   7.7788309875900574e-01   3.5115454488682318e-01
   5.7931034482758625e-01   2.3529411764705882e-01   2.8089887640449440e-01   9.5238095238095233e-02   5.7805860355362526e-01   7.2715924023247069e-01   4.8536802765176174e-01   4.2840845865956495e-01   9.7712264785198599e-01
   2.2758620689655173e-01   4.5098039215686275e-01   4.1573033707865170e-01   5.4761904761904767e-01   7.2130159764026813e-01   4.9309862191564702e-01   4.9791728842334121e-01   4.6952812985844466e-01   6.9278237195159798e-01
   2.6896551724137929e-01   4.5098039215686275e-01   5.8426966292134830e-01   6.9047619047619047e-01   6.4110410160238573e-01   2.9426589469748732e-01   3.5517800261001431e-01   5.2294085533412915e-01   5.4771197785063119e-01
   5.6551724137931036e-01   3.0392156862745096e-01   8.0898876404494380e-01   6.9047619047619047e-01   3.2740084003632580e-01   3.2198423761657768e-01   1.3803984680649944e-01   7.4377042546695626e-01   6.4624081998893446e-01
   6.2758620689655176e-01   9.8039215686274508e-02   8.9887640449438200e-01   8.4920634920634919e-01   2.3887836301912729e-01   5.9994484771033874e-01   1.1954819967845416e-01   8.6873965681206011e-01   5.2579891068649887e-01
   6.2758620689655176e-01   5.8823529411764705e-02   8.9887640449438200e-01   8.4920634920634919e-01   1.9823045513506665e-01   7.6433962254728083e-01   1.9347546621111947e-01   8.4564156034065074e-01   5.9730778198066414e-01
   7.9310344827586210e-01   5.8823529411764705e-02   7.5280898876404490e-01   3.2539682539682541e-01   1.7071516117122432e-01   8.4058084261568389e-01   4.9072187099410047e-01   7.2559176176743412e-01   8.0163212178855336e-01
   7.5862068965517238e-01   3.0392156862745096e-01   1.6853932584269662e-01   8.7301587301587297e-02   5.4297629855576524e-01   6.1178472277816176e-01   4.7380856580983127e-01   3.6424119353962942e-01   9.9566683406645695e-01
   4.0689655172413791e-01   6.0784313725490191e-01   2.5842696629213485e-01   4.6031746031746029e-01   8.6114080407043547e-01   1.8517330486182074e-01   5.0866206433245864e-01   8.1908808778582629e-02   7.4282002443291806e-01
   3.5172413793103446e-01   6.8627450980392157e-01   3.0337078651685395e-01   4.6031746031746029e-01   9.5476897756099688e-01   1.4275780322289031e-01   4.0840007594179345e-01   3.5980949778062550e-02   6.1487141167252135e-01
   3.5172413793103446e-01   5.4901960784313730e-01   4.8314606741573035e-01   7.2222222222222221e-01   6.6170454948423718e-01   1.4559011756707388e-01   3.5392702705926454e-01   4.5652206542970830e-01   4.9787577807012473e-01
   4.0689655172413791e-01   4.6078431372549017e-01   7.0786516853932580e-01   7.6190476190476186e-01   4.9199209063387789e-01   1.5686246893194292e-01   2.2244451415906979e-01   6.0018221305049213e-01   5.1897655874897253e-01
   5.8620689655172409e-01   3.1372549019607843e-01   7.5280898876404490e-01   7.3015873015873012e-01   2.8257986883227210e-01   3.2714715550503531e-01   1.4754484442215696e-01   7.5192180860993474e-01   6.3366519479282901e-01
   8.2068965517241377e-01   1.4705882352941177e-01   7.9775280898876400e-01   6.6666666666666663e-01   9.7813203799327439e-02   5.2866914346074423e-01   1.3322569201393586e-01   8.5941166997887630e-01   7.0615514889001108e-01
   7.1034482758620687e-01   1.0784313725490197e-01   8.4269662921348309e-01   7.6984126984126988e-01   1.7413568820089251e-01   6.9828912537649346e-01   2.1318980037337637e-01   8.3503046130903047e-01   5.4941355084808075e-01
   7.1034482758620687e-01   6.8627450980392163e-02   8.4269662921348309e-01   6.1904761904761907e-01   1.7024482898840926e-01   7.8557250416737778e-01   2.8052269040619376e-01   7.7716958069623143e-01   6.9535478423361508e-01
   7.9310344827586210e-01   6.8627450980392163e-02   6.5168539325842700e-01   2.6190476190476192e-01   1.8078427910297795e-01   8.0164954291322077e-01   4.8968376618486203e-01   6.3629195884416567e-01   8.9315691385949791e-01
   8.2758620689655171e-01   1.4705882352941177e-01   3.2584269662921350e-01   1.1904761904761904e-01   2.0340679461323105e-01   8.1999069701789318e-01   8.5451996015004350e-01   5.0818577114138475e-01   9.9185652157423443e-01
   6.8965517241379315e-01   3.6274509803921567e-01   2.3595505617977527e-01   2.0634920634920634e-01   5.3306122972251402e-01   4.6129993941796593e-01   4.6183728157684822e-01   3.7447118147068437e-01   9.4049144697803067e-01
   4.6206896551724136e-01   5.2941176470588236e-01   2.3595505617977527e-01   2.2222222222222221e-01   8.8867235073469264e-01   3.0630319782517063e-01   4.0833485979151490e-01   2.9002871858600347e-02   8.2075687462774871e-01
   4.3448275862068964e-01   5.2941176470588236e-01   5.6179775280898875e-02   8.7301587301587297e-02   8.7935403218185926e-01   5.1727702744101023e-01   4.2809850921622550e-01   3.4001192859933985e-02   9.3149164679255658e-01
   5.3103448275862064e-01   3.0392156862745096e-01   1.1235955056179775e-02   5.5555555555555552e-02   6.1048006422896439e-01   7.7396481268710360e-01   6.5078435892853759e-01   1.5638161145853791e-01   9.9662688312539760e-01
   7.8620689655172415e-01   5.8823529411764705e-02   3.3707865168539325e-01   5.8730158730158732e-01   2.1553804936590448e-01   9.2918468722476244e-01   5.7957268402373285e-01   6.4853577715130040e-01   7.3542173568602043e-01
   6.9655172413793098e-01   5.8823529411764705e-02   4.7191011235955055e-01   8.7301587301587302e-01   2.8143748745157354e-01   8.3228736733283981e-01   3.6707319861470056e-01   8.2534547824376581e-01   5.0216089499314620e-01
   6.6206896551724137e-01   9.8039215686274508e-02   8.2022471910112360e-01   9.0476190476190477e-01   1.9341062295637160e-01   7.0897497795125375e-01   2.1958062958837044e-01   8.9755568348871173e-01   5.4973804822987338e-01
   6.8965517241379315e-01   1.7647058823529413e-01   8.6516853932584270e-01   8.7301587301587302e-01   2.2763651833756851e-01   4.6354637664423831e-01   1.1515090511973711e-01   9.0694703694957612e-01   5.9191728885068040e-01
   4.3448275862068964e-01   5.2941176470588236e-01   7.3033707865168540e-01   7.7777777777777779e-01   5.4653748143201375e-01   0.0000000000000000e+00   2.5406834619051577e-01   6.2968137785013090e-01   5.6224908806569529e-01
   5.6551724137931036e-01   4.5098039215686275e-01   5.9550561797752810e-01   4.4444444444444442e-01   6.6262530273696385e-01   1.1341278621219196e-01   3.5889121175235084e-01   2.0227405519407859e-01   7.3589841020263547e-01
   2.7586206896551724e-02   6.9607843137254899e-01   8.2022471910112360e-01   8.0158730158730163e-01   9.1919002045339826e-01   7.9066057654595290e-02   1.7756505132799244e-01   5.4144441225893658e-01   3.4713043043837288e-01
   2.3448275862068965e-01   2.7450980392156865e-01   9.1011235955056180e-01   8.6507936507936511e-01   5.0689801433403436e-01   5.3829599556311525e-01   9.9942984218038211e-02   7.5003588539173027e-01   3.9546199872036897e-01
   4.4827586206896552e-01   1.1764705882352941e-01   9.1011235955056180e-01   8.3333333333333337e-01   2.9858709724825949e-01   7.9486393070967565e-01   2.0542293089561825e-01   7.9026991691644088e-01   5.5722699736357939e-01
   5.0344827586206897e-01   1.1764705882352941e-01   8.2022471910112360e-01   3.7301587301587302e-01   3.2452305976936946e-01   8.3214495047209958e-01   4.7591748862688743e-01   6.6338693103997937e-01   7.8675842358555370e-01
   4.6206896551724136e-01   4.0196078431372551e-01   2.9213483146067415e-01   1.5873015873015872e-01   6.6600156378932140e-01   5.5593146686827744e-01   5.0537216575419963e-01   3.4737023240282883e-01   9.2427989560929336e-01
   2.0000000000000001e-01   5.9803921568627449e-01   4.7191011235955055e-01   5.3174603174603174e-01   9.0210397614572235e-01   2.2282311877846417e-01   4.0536212657663728e-01   1.7318249802533961e-01   6.0690431417550250e-01
   2.6896551724137929e-01   4.9019607843137253e-01   7.9775280898876400e-01   6.9841269841269837e-01   6.1869496091451326e-01   2.0963605310274830e-02   1.7768928828620045e-01   4.5555908655927319e-01   5.3387345182358159e-01
   6.7586206896551726e-01   2.3529411764705882e-01   7.5280898876404490e-01   5.5555555555555558e-01   2.5725120880037777e-01   3.4947986299968015e-01   1.6640450732105100e-01   6.5227819622182648e-01   7.5937698734482939e-01
   6.4827586206896548e-01   1.1764705882352941e-01   8.4269662921348309e-01   7.9365079365079361e-01   2.7198072186456773e-01   6.6836615915985431e-01   1.3458849309919754e-01   8.3521459460075342e-01   5.0634062973980154e-01
   7.8620689655172415e-01   1.1764705882352941e-01   1.3483146067415730e-01   7.1428571428571425e-02   3.5706041015669343e-01   8.8987597451485057e-01   6.5958044673975358e-01   3.6382257286845615e-01   9.9422026171346123e-01
   6.6206896551724137e-01   2.8431372549019607e-01   7.8651685393258425e-02   3.9682539682539680e-02   6.4019693330515326e-01   6.4587671323148144e-01   4.6160208607185238e-01   2.1010999580437875e-01   9.9109537213187759e-01
   3.7241379310344830e-01   6.7647058823529416e-01   3.4831460674157305e-01   4.4444444444444442e-01   8.7958741860315481e-01   1.7248289122675047e-02   4.1183657247762073e-01   7.9908672222293985e-03   4.8980875654897477e-01
   5.7241379310344831e-01   3.1372549019607843e-01   6.7415730337078650e-01   7.8571428571428570e-01   3.8829704864707337e-01   2.0916516863984519e-01   1.4201853322031013e-01   6.3729983157845915e-01   4.9586388815248955e-01
   6.4137931034482754e-01   2.3529411764705882e-01   8.0898876404494380e-01   8.1746031746031744e-01   2.4862133169858408e-01   4.0088615164955393e-01   1.3145072118909379e-01   7.3664735588611197e-01   5.9259067050004866e-01
   8.8965517241379310e-01   1.1764705882352941e-01   8.0898876404494380e-01   5.5555555555555558e-01   1.0764465803523979e-01   6.0369654271038387e-01   2.4710806183896131e-01   7.3475886644888477e-01   8.0001063746378775e-01
   8.6206896551724133e-01   7.8431372549019607e-02   3.7078651685393260e-01   1.5873015873015872e-01   1.7733175972498669e-01   8.5390139360226625e-01   7.0304538042186460e-01   5.0605089936876857e-01   9.9873010935085527e-01
   8.0000000000000004e-01   1.6666666666666666e-01   4.4943820224719100e-02   0.0000000000000000e+00   5.1973632844868256e-01   7.9675052099161880e-01   4.9619396090132600e-01   1.8854424829060443e-01   9.9518378719748901e-01
   3.5862068965517241e-01   3.7254901960784315e-01   0.0000000000000000e+00   9.5238095238095233e-02   6.9333805224873646e-01   7.7374747151147738e-01   6.7366433579944962e-01   1.1024618464279608e-01   9.9077432250703235e-01
   4.9655172413793103e-01   1.9607843137254902e-01   3.2584269662921350e-01   5.2380952380952384e-01   4.7140579959928763e-01   8.2855359146210417e-01   5.4517060123612426e-01   5.9336488780509644e-01   7.3004160231166038e-01
   5.3103448275862064e-01   1.1764705882352941e-01   8.8764044943820219e-01   7.6984126984126988e-01   2.5216537024073815e-01   7.2637289660904814e-01   1.8844991199168093e-01   8.4909482803958658e-01   6.3790975400195704e-01
   7.6551724137931032e-01   1.1764705882352941e-01   9.3258426966292129e-01   8.0158730158730163e-01   1.3617883719167029e-01   5.6355191511690217e-01   5.8628106911327291e-02   9.6646067389954682e-01   6.8998003305015232e-01
   9.3103448275862066e-01   7.8431372549019607e-02   8.4269662921348309e-01   5.4761904761904767e-01   7.0839356699562719e-02   6.9658152861105094e-01   3.4045040417452888e-01   7.8721143567800400e-01   8.0892232578812173e-01
   7.1724137931034482e-01   2.7450980392156865e-01   7.8651685393258425e-02   6.3492063492063489e-02   6.2607528206577379e-01   6.0799865156967570e-01   3.9203374949953390e-01   2.5307255360409514e-01   9.9075140604069345e-01
   2.5517241379310346e-01   5.4901960784313730e-01   7.8651685393258425e-02   1.1904761904761904e-01   8.5497023165041441e-01   5.8758348809892669e-01   4.8132407211493372e-01   4.1053610313930518e-02   9.1109225698968443e-01
   5.9999999999999998e-01   1.5686274509803921e-01   2.5842696629213485e-01   2.5396825396825395e-01   4.0985568305542375e-01   8.3394957344456455e-01   6.5076720906008989e-01   4.8468731342832988e-01   8.7563176453146085e-01
   4.6896551724137930e-01   2.5490196078431371e-01   5.3932584269662920e-01   6.5873015873015872e-01   5.3967714172974213e-01   5.9370622327807354e-01   4.1576579257682367e-01   6.2559828124195405e-01   6.0498032780226674e-01
   4.0000000000000002e-01   3.5294117647058826e-01   8.5393258426966290e-01   8.3333333333333337e-01   4.5065098868319109e-01   2.2520303347788953e-01   7.9292738010428437e-02   7.8925222190712685e-01   5.0006479185250896e-01
   8.3448275862068966e-01   1.1764705882352941e-01   8.5393258426966290e-01   7.3809523809523814e-01   1.1922507997558193e-01   5.0019281821483141e-01   1.6704507501628466e-01   8.3108487414538612e-01   7.4762380787132643e-01
   9.1724137931034477e-01   3.9215686274509803e-02   8.0898876404494380e-01   5.8730158730158732e-01   5.9896301125471056e-02   7.3248231432326083e-01   2.7646336798091087e-01   8.3060237946095983e-01   8.0692938470011022e-01
   5.7931034482758625e-01   7.8431372549019607e-02   8.9887640449438200e-01   8.8095238095238093e-01   2.7516168921654427e-01   6.5661155339899546e-01   1.2170562397960796e-01   8.9259742464235448e-01   5.3921154147660799e-01
   4.0000000000000002e-01   1.5686274509803921e-01   9.4382022471910110e-01   9.1269841269841268e-01   3.7440791825373376e-01   7.1766623950934783e-01   1.8390510289639692e-01   8.2236310740090679e-01   4.9100171257551400e-01
   6.1379310344827587e-01   1.9607843137254902e-01   1.7977528089887640e-01   5.5555555555555552e-02   5.2027253693357278e-01   7.9845405198886343e-01   5.3832887135764773e-01   3.9015205146034831e-01   9.9524470582893476e-01
   2.1379310344827587e-01   4.8039215686274511e-01   5.5056179775280900e-01   4.6031746031746029e-01   7.8323959003883059e-01   4.2917988883292973e-01   4.6537448854574914e-01   3.7955987211300601e-01   7.3838756798377803e-01
   4.5517241379310347e-01   2.2549019607843138e-01   2.9213483146067415e-01   2.3015873015873015e-01   5.2520529098604529e-01   7.5071797609855995e-01   5.7001880302345231e-01   4.6575399927917116e-01   8.6646763389488290e-01
   5.3793103448275859e-01   1.0784313725490197e-01   8.7640449438202250e-01   7.6984126984126988e-01   2.8174348915530500e-01   6.8935398853400665e-01   2.2905125972388099e-01   8.1059800494593004e-01   5.9803377122579815e-01
   2.5517241379310346e-01   3.6274509803921567e-01   9.3258426966292129e-01   8.5714285714285710e-01   5.1412589821499988e-01   2.5524216058760874e-01   5.8851265221996206e-02   8.6347136638858335e-01   4.4789256409529354e-01
   5.3103448275862064e-01   2.7450980392156865e-01   8.8764044943820219e-01   8.1746031746031744e-01   3.9633255616521457e-01   2.1856265947940376e-01   7.2373776259585090e-02   7.7989064229062555e-01   6.0809504707124451e-01
   5.3793103448275859e-01   4.0196078431372551e-01   7.9775280898876400e-01   5.8730158730158732e-01   4.8392236972554997e-01   1.1019855151336801e-02   2.0500127160019962e-01   4.5986475428396834e-01   6.9275203549391140e-01
   8.0689655172413788e-01   1.7647058823529413e-01   7.9775280898876400e-01   6.2698412698412698e-01   1.3894021136408816e-01   4.3038661914501625e-01   1.5123254724653687e-01   7.9509036185504489e-01   7.6034466655705479e-01
   7.7931034482758621e-01   5.8823529411764705e-02   8.4269662921348309e-01   7.8571428571428570e-01   1.2674360930303913e-01   7.5483840185580453e-01   2.1831799919205527e-01   9.0374034423743976e-01   5.8342840487212855e-01
   8.6206896551724133e-01   1.9607843137254902e-02   7.5280898876404490e-01   4.2063492063492064e-01   8.8789874149104553e-02   8.5310892751244960e-01   4.6844375772739288e-01   7.5659893143210133e-01   8.2199531606423459e-01
   8.6206896551724133e-01   1.3725490196078433e-01   1.2359550561797752e-01   8.7301587301587297e-02   3.6922837964692157e-01   7.7357711001264517e-01   5.8438698541704059e-01   3.8374745654545755e-01   9.9198833893027549e-01
   7.7931034482758621e-01   2.1568627450980393e-01   3.9325842696629215e-01   7.6984126984126988e-01   2.0083661722490631e-01   6.7631740567124299e-01   5.1520255741723897e-01   8.3230472055900739e-01   6.0761670100089271e-01
   6.0689655172413792e-01   2.5490196078431371e-01   7.0786516853932580e-01   8.6507936507936511e-01   3.4634276329222241e-01   3.8194800463708900e-01   1.7022149759138100e-01   8.6144785098425636e-01   5.2983946030016860e-01
   3.1724137931034485e-01   3.3333333333333331e-01   9.3258426966292129e-01   8.9682539682539686e-01   5.0939321684024785e-01   3.5289552347501735e-01   1.1156505181290799e-01   8.5942531248899590e-01   4.3439853233015163e-01
   1.6551724137931034e-01   4.4117647058823528e-01   9.3258426966292129e-01   8.3333333333333337e-01   6.9037295610389648e-01   2.7931450932498059e-01   2.1502755017547140e-01   7.1783796818543610e-01   5.0711546106189520e-01
   1.6551724137931034e-01   5.5882352941176472e-01   7.8651685393258430e-01   6.1904761904761907e-01   9.2701746310720801e-01   2.0617967077438884e-01   3.3852964245355704e-01   3.5483241725941994e-01   5.5930202662143980e-01
   1.9310344827586207e-01   5.1960784313725494e-01   3.5955056179775280e-01   1.9047619047619047e-01   8.5332708147017655e-01   4.9773618178407031e-01   5.0447732465540085e-01   1.8786513125139839e-01   8.7760345406329110e-01
   5.5172413793103448e-02   5.7843137254901966e-01   8.5393258426966290e-01   7.6190476190476186e-01   7.7828684510333279e-01   8.5637218663806622e-02   1.8202844660293785e-01   5.0961406266222875e-01   4.2773774032775108e-01
   2.8965517241379313e-01   4.6078431372549017e-01   7.6404494382022470e-01   4.7619047619047616e-01   7.7467078593339755e-01   1.2632534237691210e-02   2.9335920191248716e-01   2.5215892317782418e-01   5.9163778176828175e-01
   3.7931034482758619e-01   4.1176470588235292e-01   7.6404494382022470e-01   5.7936507936507942e-01   5.3320834727922894e-01   1.7202710996389137e-02   1.8770005972551190e-01   4.2509719411093760e-01   6.6484683644527021e-01
   4.3448275862068964e-01   2.7450980392156865e-01   8.0898876404494380e-01   7.9365079365079361e-01   4.0354316842043042e-01   3.3971269469710408e-01   8.5677544152602064e-02   7.6541873786207382e-01   5.0392311183363359e-01
   4.3448275862068964e-01   1.9607843137254902e-01   8.5393258426966290e-01   7.6190476190476186e-01   3.8724454533399949e-01   6.1231946071780063e-01   2.6615388476501500e-01   7.1620930251018933e-01   5.5554020512192082e-01
   5.6551724137931036e-01   1.9607843137254902e-01   6.0674157303370790e-01   3.0952380952380953e-01   3.6504765239274090e-01   7.1340510193006723e-01   5.4409490448599707e-01   5.7686331795259138e-01   8.1560214584023227e-01
   6.4827586206896548e-01   1.9607843137254902e-01   1.6853932584269662e-01   7.1428571428571425e-02   5.0120815189995971e-01   7.7920139468135907e-01   6.0292551431205144e-01   2.9924154403523678e-01   9.7044919026844878e-01
   4.5517241379310347e-01   4.0196078431372551e-01   2.1348314606741572e-01   1.7460317460317459e-01   6.8821743847280148e-01   5.4967022142264277e-01   5.7675499805272468e-01   3.2581145187239346e-01   8.9320942220939603e-01
   3.5862068965517241e-01   3.1372549019607843e-01   4.9438202247191010e-01   5.3968253968253965e-01   5.6505579852932108e-01   6.4562022842250599e-01   4.9597729297595211e-01   5.8080111373296861e-01   7.0480014669967683e-01
   2.2068965517241379e-01   3.1372549019607843e-01   8.6516853932584270e-01   8.0158730158730163e-01   5.8793115682988162e-01   3.9985779320456216e-01   1.7418714752229397e-01   7.4233923020898296e-01   4.4474657219137248e-01
   5.0344827586206897e-01   1.4705882352941177e-01   9.1011235955056180e-01   6.6666666666666663e-01   3.4240735761400776e-01   7.0016484028197246e-01   2.9852782835038261e-01   7.7613760906299956e-01   6.3172110081614452e-01
   6.6896551724137931e-01   1.0784313725490197e-01   3.8202247191011235e-01   2.6984126984126983e-01   2.7178510273244899e-01   9.1501503612154478e-01   6.8565143632607939e-01   6.7238629898357904e-01   8.4402435323588754e-01
   6.6896551724137931e-01   6.8627450980392163e-02   8.6516853932584270e-01   8.2539682539682535e-01   2.3359288654017585e-01   7.7784911523462263e-01   2.2056981335681020e-01   9.6444600265875402e-01   5.1469523212674673e-01
   6.6896551724137931e-01   1.4705882352941177e-01   8.6516853932584270e-01   8.5714285714285710e-01   2.2590942817568321e-01   5.0658524934270943e-01   1.7101941612590130e-01   9.2369625104403030e-01   5.7975424866005765e-01
   5.8620689655172409e-01   3.6274509803921567e-01   7.7528089887640450e-01   6.9841269841269837e-01   4.5531611129010369e-01   9.5147461803285219e-02   1.9180886046082452e-01   6.4036454349916416e-01   6.4452069393862965e-01
   3.1034482758620691e-01   5.7843137254901966e-01   2.2471910112359550e-01   2.3015873015873015e-01   9.0243629842436268e-01   4.1519248022300437e-01   4.5308707485951649e-01   4.1822117594189342e-02   8.6221210040223117e-01
   4.1379310344827586e-01   3.6274509803921567e-01   1.4606741573033707e-01   2.3809523809523808e-01   7.0362953294133801e-01   6.6273866032985174e-01   5.4846880808710807e-01   3.4124550775871199e-01   8.8127397582683020e-01
   2.7586206896551724e-01   4.4117647058823528e-01   4.2696629213483145e-01   6.5873015873015872e-01   6.3518211891198806e-01   5.6739668656184639e-01   5.4783529341289594e-01   5.4948685088373950e-01   6.6915916997408331e-01
   3.5862068965517241e-01   3.1372549019607843e-01   4.2696629213483145e-01   5.4761904761904767e-01   5.4262249486160530e-01   7.3542374103947405e-01   6.4626171547450439e-01   5.8712642276210791e-01   7.7407001429898370e-01
   5.3103448275862064e-01   1.5686274509803921e-01   2.6966292134831460e-01   3.9682539682539680e-01   4.2634587390811535e-01   8.7037996350540003e-01   6.2705002566660240e-01   6.1557262543382185e-01   8.1710590226470192e-01
   5.3103448275862064e-01   1.1764705882352941e-01   7.1910112359550560e-01   6.5873015873015872e-01   3.4027371049566962e-01   8.0983536968657177e-01   3.6503163792273485e-01   8.3910147222156917e-01   6.2177633732858717e-01
   4.9655172413793103e-01   1.1764705882352941e-01   8.9887640449438200e-01   8.8888888888888884e-01   3.3151412367249394e-01   6.3917209728786950e-01   1.1306771518119021e-01   9.6941827239561151e-01   5.4284766398424200e-01
   2.5517241379310346e-01   4.5098039215686275e-01   9.4382022471910110e-01   8.8888888888888884e-01   5.1773679574050613e-01   1.5898995502613028e-01   2.8056377797110413e-02   8.9804375666934610e-01   5.4388541472484386e-01
   8.2758620689655171e-02   5.2941176470588236e-01   3.5955056179775280e-01   4.2857142857142855e-01   7.9133044946121500e-01   4.9737202838430999e-01   5.8970774460463993e-01   3.3816764515936321e-01   7.9744732764231330e-01
   3.4482758620689655e-02   5.0980392156862742e-01   3.5955056179775280e-01   2.5396825396825395e-01   8.4505045589208005e-01   6.1375784231422703e-01   5.5176843201196091e-01   2.6120510218627691e-01   8.8660287900266876e-01
   4.2068965517241380e-01   1.5686274509803921e-01   4.9438202247191010e-01   5.4761904761904767e-01   4.2565685518242058e-01   8.3961639357632067e-01   5.7961203581677367e-01   7.1571394467169736e-01   7.2428946546761497e-01
   3.5862068965517241e-01   1.5686274509803921e-01   8.4269662921348309e-01   8.0158730158730163e-01   4.2107902643113088e-01   6.8085454710289051e-01   2.1693788184338922e-01   8.3284405010283813e-01   5.2263535918709658e-01
   2.1379310344827587e-01   2.7450980392156865e-01   9.3258426966292129e-01   8.3333333333333337e-01   5.1265719235338481e-01   6.7415951232508198e-01   2.7073572190136819e-01   8.1018937443901295e-01   4.5053383472910541e-01
   3.7931034482758619e-01   1.9607843137254902e-01   7.8651685393258430e-01   4.4444444444444442e-01   4.4967463081738462e-01   7.7596955138041701e-01   4.0476268020669492e-01   7.2001226132731644e-01   8.1437668612208103e-01
   6.4137931034482754e-01   7.8431372549019607e-02   3.8202247191011235e-01   4.4444444444444442e-01   2.3410059462845817e-01   1.0000000000000000e+00   7.2544262341862165e-01   7.5849170739699046e-01   7.9797387177998436e-01
   6.6896551724137931e-01   7.8431372549019607e-02   8.4269662921348309e-01   7.3809523809523814e-01   1.7037495570333352e-01   8.3332620115690281e-01   2.6768540293410714e-01   9.3165805612310781e-01   6.9204191762132505e-01
   6.4137931034482754e-01   7.8431372549019607e-02   9.3258426966292129e-01   8.6507936507936511e-01   2.3068220364437997e-01   6.9033311954256527e-01   1.6548196134055024e-01   1.0000000000000000e+00   5.2505103589388913e-01
   4.6896551724137930e-01   3.2352941176470590e-01   9.3258426966292129e-01   9.2857142857142860e-01   3.7539944490618060e-01   2.4921964348727024e-01   3.2534556703445036e-03   9.5056358881371517e-01   5.9715453769052762e-01
   9.0344827586206899e-01   7.8431372549019607e-02   8.8764044943820219e-01   7.6190476190476186e-01   5.1822783151557535e-02   6.5584696986166546e-01   1.8973534169383011e-01   9.6282233064857703e-01   6.7988949079767702e-01
   9.5862068965517244e-01   7.8431372549019607e-02   8.4269662921348309e-01   4.5238095238095238e-01   1.9008910217976935e-01   6.6168561491350431e-01   1.0326072368191722e-01   8.3760625224515717e-01   8.6488431598514781e-01
   5.3103448275862064e-01   3.6274509803921567e-01   1.3483146067415730e-01   3.9682539682539680e-02   7.2713693476752761e-01   6.1267653655462151e-01   4.4557532793701232e-01   2.9494633212600863e-01   9.9090846424103463e-01
   2.9655172413793102e-01   4.1176470588235292e-01   2.2471910112359550e-01   1.0317460317460317e-01   7.2154932033802355e-01   6.8911831474390584e-01   5.7216259428605876e-01   3.6951502586939561e-01   9.6906936985621661e-01
   5.3103448275862064e-01   1.8627450980392157e-01   5.1685393258426970e-01   3.7301587301587302e-01   4.2453165347662403e-01   7.7142048633561255e-01   4.9846634797823608e-01   6.8204522966447001e-01   8.2620809019069019e-01
   4.9655172413793103e-01   1.8627450980392157e-01   8.4269662921348309e-01   7.6984126984126988e-01   3.7874873649163060e-01   6.5456560476621839e-01   2.3981066215095895e-01   8.5690492773147842e-01   5.4981338887730435e-01
   7.7931034482758621e-01   1.0784313725490197e-01   8.8764044943820219e-01   7.6984126984126988e-01   1.2168837482868396e-01   6.7139730439001200e-01   2.1385596065043960e-01   9.3961362456269704e-01   6.8128968510687071e-01
   7.4482758620689660e-01   2.6470588235294118e-01   9.3258426966292129e-01   7.0634920634920639e-01   1.8110393758152321e-01   3.5798167793883678e-01   7.1669061002530565e-02   9.3919721907279197e-01   7.3567787932722961e-01
   1.1724137931034483e-01   9.0196078431372551e-01   7.0786516853932580e-01   7.2222222222222221e-01   9.5953933187831564e-01   6.3859433444546421e-02   4.1908332439597396e-01   3.3924351650957607e-01   2.2381053113047508e-01
   3.1724137931034485e-01   3.1372549019607843e-01   9.4382022471910110e-01   7.8571428571428570e-01   4.8358548480644409e-01   3.7659112757014473e-01   6.1639752523390400e-02   8.4096200911007846e-01   4.7196310288257221e-01
   7.0344827586206893e-01   1.9607843137254902e-01   9.4382022471910110e-01   7.4603174603174605e-01   1.7805299092372825e-01   5.0672052985367455e-01   1.1927405071215351e-01   8.6398523091524337e-01   6.5358030267536849e-01
   7.8620689655172415e-01   3.1372549019607843e-01   8.5393258426966290e-01   5.4761904761904767e-01   2.1113677077575244e-01   2.2940427158975094e-01   2.3901250742716790e-01   6.2088134266356299e-01   8.6455038794081629e-01
   8.1379310344827582e-01   1.0784313725490197e-01   8.6516853932584270e-01   7.6190476190476186e-01   1.1372769421588846e-01   6.4250300117164949e-01   1.8761206128669769e-01   8.2981964788277929e-01   6.1809882476270595e-01
   9.6551724137931039e-01   6.8627450980392163e-02   2.3595505617977527e-01   6.3492063492063489e-02   2.8201298831320343e-01   8.1298217482948720e-01   4.6377144002722537e-01   4.0560128083882657e-01   9.9423032007950629e-01
   8.4137931034482760e-01   1.8627450980392157e-01   7.8651685393258425e-02   3.1746031746031744e-02   5.7794529064109490e-01   7.4308651520391655e-01   4.8702999467452129e-01   2.1088561010892426e-01   9.9397461666466835e-01
   4.6896551724137930e-01   4.9019607843137253e-01   7.8651685393258425e-02   3.1746031746031744e-02   8.4578046900818982e-01   5.3103045161663620e-01   4.7010121866484106e-01   3.9391847996009144e-02   9.5970873367431442e-01
   2.0000000000000001e-01   5.3921568627450978e-01   1.6853932584269662e-01   9.5238095238095233e-02   8.3857014311435341e-01   5.9814412974686570e-01   5.2043570793769578e-01   9.6272397035823090e-02   9.5166997032463119e-01
   4.6206896551724136e-01   2.7450980392156865e-01   3.4831460674157305e-01   2.3015873015873015e-01   5.3787351882113466e-01   7.5695408788655827e-01   5.7795845699234683e-01   4.9309471370755331e-01   8.6382813557050586e-01
   4.6206896551724136e-01   2.7450980392156865e-01   5.2808988764044940e-01   6.9841269841269837e-01   4.7618297905153117e-01   7.1204175660962599e-01   4.6876539367940195e-01   7.0472511933188153e-01   5.7059528758375688e-01
   4.0689655172413791e-01   2.3529411764705882e-01   9.1011235955056180e-01   8.5714285714285710e-01   4.2102955529377006e-01   5.3124126045387654e-01   1.3232537650273382e-01   8.7782306480406203e-01   5.0900440753861220e-01
   6.2758620689655176e-01   2.7450980392156865e-01   9.1011235955056180e-01   8.2539682539682535e-01   2.7407535339431316e-01   3.0107067949232186e-01   2.5532075817455365e-02   9.0256348666014041e-01   6.5495271306406566e-01
   3.5172413793103446e-01   3.6274509803921567e-01   1.2359550561797752e-01   1.5079365079365079e-01   6.9878394036532132e-01   6.8098220772337004e-01   6.5178296697876903e-01   1.5006548660998545e-01   9.5945277378638472e-01
   5.3103448275862064e-01   1.9607843137254902e-01   3.5955056179775280e-01   4.0476190476190477e-01   4.9093304195323084e-01   7.5888797099946503e-01   5.1000038257935332e-01   5.6942889321651746e-01   8.0139400889124390e-01
   6.1379310344827587e-01   1.5686274509803921e-01   1.2359550561797752e-01   4.7619047619047616e-02   5.6450847565800555e-01   8.7877774860023616e-01   5.9566850142555350e-01   3.0203442033712108e-01   9.9381955401797806e-01
   3.7241379310344830e-01   4.0196078431372551e-01   1.6853932584269662e-01   1.1111111111111110e-01   7.6569655302662765e-01   6.3330219758060902e-01   5.4528709682481225e-01   2.3905948577221139e-01   9.5028396611698540e-01
   2.7586206896551724e-01   2.7450980392156865e-01   9.4382022471910110e-01   8.4126984126984128e-01   5.2772923917160719e-01   4.5110217366394051e-01   7.2243980413883316e-02   7.4162220603373019e-01   4.1769663634700360e-01
   5.6551724137931036e-01   1.5686274509803921e-01   9.4382022471910110e-01   8.4126984126984128e-01   2.9992758987388646e-01   6.1829571149045304e-01   9.8653671655817204e-02   8.5169431495812764e-01   5.2832094497417237e-01
   8.6206896551724133e-01   1.1764705882352941e-01   8.9887640449438200e-01   5.2380952380952384e-01   7.5754043460584022e-02   7.0152888204133490e-01   3.8069595706614801e-01   7.6883483532917818e-01   8.3833459580218450e-01
   8.6206896551724133e-01   7.8431372549019607e-02   6.6292134831460670e-01   2.3015873015873015e-01   1.6612141213957296e-01   8.0191983277980006e-01   5.3595548946910143e-01   6.2760626359638860e-01   9.2251351486956779e-01
   7.5172413793103443e-01   3.7254901960784315e-01   2.2471910112359550e-01   9.5238095238095233e-02   5.3156878153829545e-01   5.2898674440139593e-01   4.8823020110884457e-01   2.9213195887427662e-01   9.6309536683503894e-01
   1.3103448275862070e-01   6.2745098039215685e-01   7.7528089887640450e-01   7.6190476190476186e-01   9.2566241255099835e-01   6.2686178903565287e-02   2.5961292152201504e-01   4.3689318754311235e-01   3.6361360437716944e-01
   3.4482758620689657e-01   2.5490196078431371e-01   9.6629213483146070e-01   8.8888888888888884e-01   4.6484578374343483e-01   4.9983826037713969e-01   4.8004740326599071e-02   8.4713571684343580e-01   4.2311491143255281e-01
   7.5172413793103443e-01   1.7647058823529413e-01   9.6629213483146070e-01   8.2539682539682535e-01   2.3689628625259226e-01   4.7216657410224927e-01   1.6268713472765078e-02   9.8437501570880992e-01   5.3837044085143038e-01
   7.6551724137931032e-01   1.3725490196078433e-01   7.8651685393258425e-02   3.1746031746031744e-02   4.3055009591774912e-01   9.2186650806922343e-01   6.0447571991930649e-01   3.4563250706797904e-01   9.9678161474735849e-01
   4.2758620689655175e-01   4.4117647058823528e-01   1.6853932584269662e-01   6.3492063492063489e-02   7.5992874739999039e-01   5.8334848994043698e-01   4.8432702503790120e-01   2.1399334945307688e-01   9.5574108064035845e-01
   8.2758620689655171e-02   8.9215686274509809e-01   6.6292134831460670e-01   7.6984126984126988e-01   9.6113806188223061e-01   2.0746396243401760e-01   3.5650107130147102e-01   3.8487869410258996e-01   3.9972886847227884e-01
   6.8965517241379309e-02   4.7058823529411764e-01   5.6179775280898880e-01   5.3968253968253965e-01   8.0142975904183100e-01   5.4512113224554104e-01   5.1558971940460840e-01   4.9746938121693607e-01   7.3230592434712638e-01
   1.0344827586206896e-01   4.7058823529411764e-01   2.8089887640449440e-01   1.2698412698412698e-01   8.4115935854573509e-01   6.3741148392129332e-01   5.9579386642456089e-01   2.1226399961338768e-01   9.3218391988123772e-01
   1.0344827586206896e-01   5.0000000000000000e-01   4.7191011235955055e-01   5.2380952380952384e-01   8.3712619572010105e-01   4.4973645171988358e-01   4.3327773668345970e-01   4.2867830306190469e-01   6.3438774235779738e-01
   1.8620689655172415e-01   3.1372549019607843e-01   7.7528089887640450e-01   7.0634920634920639e-01   5.7231517879538174e-01   4.7700852153006962e-01   2.9340325288867924e-01   6.7139568531323091e-01   5.5475446022371777e-01
   3.2413793103448274e-01   3.1372549019607843e-01   9.1011235955056180e-01   8.0952380952380953e-01   4.2243422550960202e-01   4.3315080265732436e-01   1.4133802067194640e-01   7.9708560922818739e-01   5.7859180092746887e-01
   6.7586206896551726e-01   2.7450980392156865e-01   7.0786516853932580e-01   4.3650793650793651e-01   3.5149436762763320e-01   4.3456138859517240e-01   3.4505814240501886e-01   5.6874920542971219e-01   7.6748774224383631e-01
   5.8620689655172409e-01   2.3529411764705882e-01   8.9887640449438200e-02   3.9682539682539680e-02   5.9691680194558661e-01   8.4873438889900876e-01   5.7531331577624589e-01   3.0989441269217405e-01   9.9581709287624232e-01
   2.4137931034482760e-01   4.4117647058823528e-01   6.1797752808988760e-01   6.1111111111111116e-01   6.0394204776256455e-01   2.8917400086630179e-01   3.1761318545817685e-01   4.7649361754607117e-01   5.8419061194163335e-01
   4.6206896551724136e-01   3.0392156862745096e-01   8.5393258426966290e-01   6.6666666666666663e-01   3.4285746499949038e-01   3.7347499154234165e-01   1.5153284218431293e-01   7.2833757515968089e-01   6.2938373900736511e-01
