Exponential Function

62.360777  40.369873 100.313128
24.758387  98.875536 128.003139
90.680541  117.242916 98.083062
151.014528  54.147423 149.315908
177.835446  121.180678 159.192908
171.164736  179.433039 161.615823
125.064592  9.061198 149.799866
91.412790  43.072309 76.474514
169.088358  99.415772 95.836767
31.646111  62.507036 10.247919
167.921621  115.616742 130.532824
135.401035  105.235435 5.929181
136.577928  7.053208 136.193526
86.125405  157.892715 16.738007
16.398032  77.993816 66.420554
62.326929  161.176233 30.040330
122.501916  97.358098 134.257482
29.321802  144.193636 148.897635
172.142038  80.218118 177.342595
102.085985  117.359490 108.568138
81.337430  157.963308 80.017589
141.273826  134.495450 6.556593
61.197517  42.816383 52.233402
106.485036  175.354467 99.145957
125.077178  161.271833 132.079123
5.470024  72.419376 29.218445
139.858723  15.744387 85.251230
159.910368  105.905960 105.332695
145.164025  4.973221 104.837657
48.421909  68.928838 116.342292
98.100880  23.811359 43.177945
12.306762  125.864294 168.475600
70.125662  60.812022 130.794678
75.269245  122.463300 25.499336
163.944402  68.425738 83.001794
91.791547  68.328951 89.002143
93.585028  46.793750 72.425444
88.131490  56.115891 174.186519
100.859996  9.753991 1.081975
85.267935  132.907772 103.430981
11.687676  51.560256 123.764265
101.991705  96.885060 65.381152
138.250422  162.269211 162.557570
123.275481  127.545867 9.398048
178.268616  43.431410 152.596542
148.266656  109.176704 75.914367
53.851474  62.624824 53.551471
114.021906  67.804055 162.830430
151.052306  152.321106 176.929292
95.939916  145.132667 43.855235
15.282855  129.647225 139.886359
38.477433  27.241301 95.540065
155.221058  152.163101 31.341217
23.643663  15.807932 167.981240
166.834723  46.772400 124.392045
119.112290  59.632136 33.198141
29.925276  17.492977 151.519785
117.524823  107.834610 24.025498
129.467507  83.663642 91.914049
83.936200  179.716822 68.632021
159.018966  151.314573 164.367494
20.640318  80.419343 152.389070
38.837025  122.547406 38.890187
70.401386  68.182574 10.926919
8.781211  88.400475 175.388638
16.795289  60.853475 96.196503
108.752174  157.064214 48.633383
112.503600  15.456408 24.387687
34.358880  148.032325 80.620136
135.420131  145.762039 53.310928
8.171149  98.575694 43.240881
168.870493  32.794605 97.238716
34.999397  167.391368 117.134811
13.722849  155.364257 88.652120
130.656556  92.822212 142.172561
136.484782  62.100609 41.325371
171.703868  77.922959 110.830526
64.329875  141.860373 99.527168
51.765130  152.624189 58.930538
85.925303  97.489149 129.808136
169.846992  81.582267 5.312737
34.094407  173.260496 107.741298
9.788691  166.791708 127.265085
115.262444  24.374520 96.806255
62.706312  141.367520 25.643584
159.653091  142.172346 22.297952
153.116856  112.415424 32.975203
14.704149  53.175619 39.280611
52.569338  151.595667 96.717854
171.289193  119.134430 5.248005
165.470575  157.706163 100.597658
164.702519  44.395582 31.330955
17.823102  81.229350 69.379589
117.543379  69.149370 174.593735
157.083203  27.198950 169.957856
10.924270  64.904897 113.562856
168.358479  60.127660 72.479175
107.417058  159.321088 124.832271
106.373507  0.865523 122.626068
33.875519  3.778512 81.280737
82.868549  170.997788 112.997264
99.662189  163.746129 66.475472
60.092475  108.553446 161.487636
168.302204  118.736555 65.898214
124.383389  62.051102 110.852681
53.154403  105.952576 167.706500
169.291096  118.386703 41.386327
98.345502  158.171636 116.294112
14.082838  89.417637 46.700022
25.944164  86.361159 169.232631
83.142021  53.959583 52.666684
162.218726  21.169101 62.607824
104.511318  14.649734 54.193415
4.511193  125.782182 28.601606
129.322715  75.921447 81.553035
11.685722  58.620169 123.939861
48.182434  64.533518 42.424805
150.066605  23.036879 67.697855
6.887993  175.163955 63.505946
35.935251  118.070671 102.286546
58.641271  34.042527 148.391408
100.825396  168.446392 121.186163
131.632839  69.780777 126.433629
125.948899  58.477409 96.066406
107.152731  114.559877 92.534579
141.666619  141.891117 89.317902
84.317837  114.038353 18.243578
17.029806  39.182519 119.912666
13.792520  121.728143 52.610276
168.134115  102.152117 120.204041
35.901530  145.406017 167.748614
171.722474  68.317893 158.022294
92.440383  49.713138 1.147754
134.367871  114.879018 30.252618
56.123606  62.377012 90.342871
75.954473  120.534287 61.766292
60.070546  164.014637 134.463185
19.556329  58.503938 102.202573
128.076116  86.710175 116.901523
19.402623  39.220418 22.812962
104.180110  61.913464 57.736272
23.782622  89.443219 162.855007
27.078431  112.572753 1.285555
178.295280  161.134506 80.424972
17.204081  0.773274 115.780793
158.753076  145.149592 87.367044
108.290014  13.249104 41.157359
160.916638  7.172550 83.033204
127.554191  17.028008 175.311746
60.231538  164.529726 113.459187
157.765699  0.800539 20.932312
87.357520  135.788198 116.302588
120.281101  156.569375 90.677614
74.727304  160.248494 141.199454
76.508953  126.762919 40.434701
31.373269  0.571908 42.781139
88.445687  86.417036 105.080789
96.311042  91.821466 39.219525
149.124714  95.140231 156.716834
97.737723  90.639754 40.781806
163.674695  134.607198 6.001480
87.937292  132.343216 125.847020
58.795380  96.319347 159.202056
107.039980  22.835180 66.957116
2.930860  16.797447 119.889066
157.725842  149.413891 135.644665
19.249443  13.119100 133.694204
89.256900  68.012631 64.918171
54.983196  107.340447 115.006275
146.061141  93.669515 74.726223
86.641626  141.772642 114.718154
71.535749  58.037558 179.328332
55.767756  62.048608 130.980537
83.103209  35.036715 120.486919
8.271802  86.838487 170.439021
148.169774  139.646242 93.757484
37.942570  93.570649 23.218747
67.328244  130.621735 57.868543
142.627589  152.869041 162.255673
102.099272  51.896850 142.052313
174.760842  70.339827 77.085173
49.575477  158.486795 29.316225
137.778442  133.586912 86.720595
149.676683  134.278460 13.180825
113.307158  137.087637 117.450208
125.202994  134.346410 36.943035
90.891934  165.306293 103.593001
64.779700  71.282811 20.316408
166.343361  29.091595 14.391847
132.988264  10.355962 32.625220
123.884071  178.939482 27.943438
140.641796  12.914432 122.786540
70.272336  179.670289 131.635469
63.976283  139.109860 147.297658
137.628427  114.981819 150.087912
59.677192  32.189161 118.986077
118.121129  65.036412 157.870465
149.486565  40.647084 37.689579
43.191825  157.794635 21.690568
140.049095  129.894913 43.276100
78.275529  63.770783 22.649934
73.666865  78.747748 33.822984
68.405573  78.488100 67.680929
62.940684  53.590442 76.228080
78.307160  37.097013 62.827735
59.451833  54.250306 35.514935
53.723363  47.562803 46.110533
26.045031  42.031394 37.853323
74.063474  58.707727 21.990764
63.695711  50.263872 78.289978
40.498646  49.777333 61.978026
47.132447  23.661736 53.130502
35.830042  64.949584 53.513542
28.550559  42.596665 30.918828
22.977914  54.664333 52.887967
65.265475  70.105294 56.588109
35.777842  20.020488 67.797481
55.560005  56.618422 32.221933
45.758149  35.637421 57.915848
57.085474  33.705939 54.793098
67.402721  25.669314 77.386073
70.874631  74.511554 78.557451
69.628539  25.543907 59.401640
37.964023  50.590367 37.015725
49.394910  20.967188 61.203201
47.704270  62.151801 52.582699
61.802891  20.185442 47.023289
24.042999  56.444947 55.605234
39.288384  71.575607 36.730334
56.985280  32.796223 77.576557
27.956884  27.526398 45.197622
37.369092  60.094959 49.870299
69.557929  45.887723 69.965255
20.059965  74.264342 64.329395
39.158095  27.131197 68.365759
74.506302  68.679045 53.651404
32.215543  34.454288 38.484615
53.899766  46.564399 38.264215
34.516210  34.831991 36.511790
20.827673  43.425850 40.077163
42.875966  29.492587 38.571499
66.978092  68.244156 58.074769
52.358635  42.460736 30.013382
48.854020  48.355850 43.943999
59.410789  35.771648 41.349687
56.341584  55.067890 71.783899
60.269062  71.498701 34.739998
41.666776  61.170896 69.971889
67.492356  68.991618 31.948063
39.127458  77.988319 46.964251
43.748260  56.092556 40.545284
61.486194  40.959173 68.319229
51.504385  74.548341 76.659877
70.040699  23.180003 22.356065
66.950947  71.452629 63.933019
25.615793  33.521615 23.027300
42.410572  68.865588 69.733625
65.941888  20.609756 37.518605
57.654909  49.204353 52.049649
44.349723  78.214734 45.133068
29.892215  55.112020 56.094788
20.982240  50.854284 74.034337
44.151814  57.588465 66.058170
63.084071  24.245315 67.458539
49.906725  59.106611 22.217973
21.611623  69.787282 35.222981
44.385932  25.543796 70.008019
43.911030  61.939121 66.883521
66.885820  33.720987 63.725845
53.471461  64.762494 51.339975
34.806735  46.352225 55.820400
69.101593  69.566117 45.471366
67.082569  37.777632 43.033069
41.594574  56.543270 62.083714
37.521193  61.673336 58.155609
64.425532  35.004484 53.265517
58.221368  47.545784 34.740571
52.801522  52.476108 62.962241
41.702983  35.539433 44.514786
51.402648  58.030126 45.322446
31.236208  27.492632 57.550687
67.644609  55.249286 37.784033
53.940786  46.760091 50.979979
39.445795  40.014897 46.610555
73.987900  38.788850 20.200074
39.141628  46.564423 77.280595
42.570788  72.812049 38.881938
31.106469  53.323407 73.971284
43.143708  54.791556 33.841721
36.527665  56.832671 68.284341
76.850759  24.758135 57.029210
59.285129  51.570854 58.480482
47.826574  68.635427 52.078475
78.693442  44.724397 52.183148
63.600160  63.941945 75.649646
73.588895  27.690881 40.111844
41.042385  63.569491 65.680156
62.345783  58.400355 63.155017
46.528429  56.551220 66.006202
39.898628  71.872955 25.217639
69.050965  35.132852 52.019884
40.022265  51.753617 70.130452
72.425364  39.884685 53.759930
70.583672  65.457903 73.410691
55.680367  72.280693 77.570032
60.169736  61.894782 62.364887
23.605736  61.239968 49.567192
26.152247  50.193808 38.666411
37.522588  33.135457 46.906595
33.227021  76.079453 76.027512
52.257285  69.245982 47.718335
39.839032  21.998816 46.009538
48.968590  74.172329 72.313134
46.057110  41.929855 29.650720
41.629172  29.459550 70.200249
28.097055  46.287401 69.374681
59.952633  60.493668 44.677618
31.078227  49.253177 42.181378
56.307107  38.730535 72.250078
26.695422  71.655128 76.211645
60.320935  68.402961 37.117204
70.170052  59.930913 67.019446
30.223550  21.433128 68.607771
63.295828  65.556809 55.280805
61.682399  75.837729 27.461243
23.234291  71.481522 72.254043
67.580134  21.570554 70.758634
32.414425  31.977371 22.828757
26.866377  34.800767 57.989022
62.211715  65.789962 60.401811
75.848168  51.664773 58.705875
36.503576  47.760254 61.033587
68.758183  53.002486 67.877732
58.228140  77.066303 38.187388
74.270781  46.854784 41.040977
36.496402  63.217951 77.597989
74.651068  51.619402 57.332657
48.391616  50.466119 45.666338
21.798894  71.534238 77.956010
42.660223  43.977930 41.071702
76.541650  39.061381 38.181894
55.942648  74.973305 39.224643
30.067054  34.685973 65.533185
78.042785  73.619194 56.863356
61.725473  59.609452 33.329319
32.074391  57.700555 50.125242
21.185639  23.508695 20.354260
50.049159  69.227942 39.212580
38.696371  31.608105 44.775839
79.257121  51.234762 27.638078
30.601727  52.198890 42.399070
58.753027  29.631619 30.017150
46.706194  79.833113 62.795176
75.146186  25.878675 52.806194
50.405097  31.610988 76.720927
73.304030  74.768219 61.527214
46.737436  50.935437 58.795536
77.690513  46.775918 76.662841
77.909117  71.567025 23.339405
46.607105  65.278347 73.910230
79.660387  52.078809 24.887141
49.109073  24.678117 57.127192
71.667488  60.220759 30.310174
44.902548  20.065318 70.685398
37.544621  72.558372 51.803967
77.707695  35.838289 58.168341
33.626697  79.830760 39.265596
20.406916  68.363995 29.953467
77.568957  53.025613 56.320615
57.942132  79.737871 53.590242
70.298204  59.542310 25.625319
70.635687  21.603372 36.170001
29.751350  65.850602 78.879327
39.437105  74.134056 22.176583
77.490532  41.504023 66.009526
30.246019  67.658378 26.271327
45.702821  24.573767 40.213150
28.171028  44.262352 53.075441
49.272317  41.064260 29.062972
66.805744  74.828849 38.816088
67.470396  76.105039 34.374583
49.948216  40.295803 20.329635
53.273825  66.652630 50.903324
74.369822  39.518601 37.037434
35.890916  27.969301 59.270742
71.044206  56.734633 42.194489
65.185278  65.889973 27.081439
32.709441  76.886134 51.454095
51.855662  27.042429 35.622151
24.961493  59.275383 43.600723
77.770473  71.896201 70.025452
36.880209  61.513821 57.924903
24.991715  52.043500 60.049891
60.821931  63.359917 54.325997
54.658357  42.236357 65.316347
52.431567  41.331499 45.693460
71.790816  49.544942 47.693143
35.564482  22.925924 27.948478
41.354859  68.187061 60.922701
29.086379  62.909072 37.596727
393.821814  292.522463 131.036325
374.773917  438.667585 158.618614
363.529488  421.135910 364.493712
268.155414  268.567950 367.230221
440.756659  218.876583 323.493963
334.361315  302.252456 186.978017
269.773194  263.306939 220.462805
149.862071  193.206390 202.776159
400.589774  322.306868 123.999187
300.684059  271.346310 424.351984
218.430872  271.540738 294.732089
206.072135  133.662611 291.122385
158.124592  355.044074 239.750985
171.120810  217.381721 164.937798
122.988320  292.651753 285.953741
392.575893  365.885008 276.694535
163.777494  106.474228 314.362925
272.028751  265.532260 153.851631
251.948095  198.242906 320.531869
339.025798  184.724798 307.674107
391.332730  131.064680 421.301589
328.429686  356.256596 429.886323
332.819073  122.422082 281.499064
210.127663  282.100607 207.353435
276.512655  109.374611 307.118115
261.570837  347.466559 253.898642
283.579579  107.271280 277.595754
124.377396  308.950993 288.329526
163.544700  412.162304 203.378285
275.513091  195.113216 441.929702
155.144116  139.662496 219.392776
202.073320  286.175069 269.256167
398.261057  221.670515 329.156497
116.411089  397.720701 319.817603
207.378583  147.170660 403.607545
441.389069  343.916585 283.890903
166.382105  163.995559 224.368625
300.793127  215.656794 209.696337
196.984539  189.198371 201.129828
113.717700  198.378316 218.511899
231.483199  144.916181 174.997638
338.874186  355.468298 308.775046
237.429036  222.774581 157.721383
235.047089  229.775235 238.806886
327.093301  168.276115 203.887644
266.350099  315.311103 397.560386
295.176947  387.817832 176.007804
230.815625  332.709651 369.770490
325.329001  337.308126 175.738059
231.833715  358.346244 216.682556
236.286234  253.120502 184.997028
274.997563  201.656225 379.648033
257.580221  373.553687 375.363681
362.846527  123.445697 119.909283
361.528437  336.175411 342.182699
142.867045  193.178939 128.981822
202.707773  365.523902 337.631369
355.765339  105.291576 188.866828
267.004798  281.943971 276.629162
247.938603  431.235611 246.762645
153.733002  271.347657 298.161281
110.116726  284.743570 363.115509
197.607951  278.900372 298.370726
382.712645  122.754667 364.840071
273.790580  345.201566 125.581877
114.362259  349.226107 201.565642
232.326997  129.645210 316.436190
233.141891  328.830296 341.037287
317.345586  158.499776 346.973549
261.025255  319.747172 236.216705
189.786510  284.373684 279.266962
381.654369  333.976700 275.739904
308.078267  203.077255 218.502330
226.305822  283.099118 359.761120
173.427145  371.198950 256.859849
300.654528  173.787945 248.468374
314.521386  267.947850 203.121371
290.798538  243.795203 359.943596
211.583869  173.833550 228.958919
291.928789  319.470985 199.081930
169.494527  162.215595 317.444744
317.138915  311.591871 199.735049
293.207030  251.996716 242.568411
189.112103  201.580478 295.977339
396.766394  174.574154 103.392069
202.157747  211.180643 395.643047
209.144853  392.343771 183.838735
166.330545  266.068903 335.120880
212.004722  272.970569 200.569611
200.104886  285.502053 386.106722
409.775413  126.764787 293.218423
315.023399  240.351299 294.621727
252.990049  392.099686 275.883025
417.607802  236.308178 286.162591
323.479264  313.274319 413.576135
402.823368  150.660686 231.489435
230.778022  314.201496 391.882964
379.261712  300.960051 312.153105
248.652082  318.718399 306.291031
202.541417  396.745626 142.801155
398.443000  191.153310 285.155784
228.948929  273.671317 383.600961
350.460498  218.793708 280.806341
339.782577  360.470369 400.882885
298.490350  382.273932 412.935664
295.450249  338.897537 335.664771
127.761390  312.293945 249.076643
144.343166  256.651597 199.055660
200.504594  178.381084 220.043518
172.407848  456.659090 433.333099
293.247089  326.072027 219.891968
212.823202  113.386683 232.280778
264.931286  395.741535 344.435202
253.713872  221.437332 150.288337
205.346406  164.116444 428.562879
157.627115  221.468963 338.412897
280.984397  298.352666 202.735035
149.128640  249.711385 228.968617
312.255091  219.721665 392.349306
134.640049  380.710550 443.084009
313.967847  315.236926 177.053393
382.574049  323.421917 345.576126
135.387777  134.653113 337.302393
285.766044  361.403911 303.823995
330.884497  394.617735 154.809696
102.922979  331.643601 423.186664
361.072680  112.447710 374.118999
170.722522  148.596102 135.120297
143.776183  166.584323 295.622402
343.450085  396.030577 322.851640
352.527439  245.238955 316.000340
199.705523  240.397079 317.320090
381.243337  252.001534 373.969643
256.416304  403.829407 182.701010
347.916671  246.254755 235.249227
188.930355  333.792217 406.062945
425.832368  273.332296 258.714681
251.176295  237.418931 246.402973
101.882150  401.751454 414.971752
225.372179  223.244026 209.128012
402.809521  203.851454 192.852523
285.583142  429.932937 206.457069
147.859026  179.902655 361.498873
430.491623  383.728563 308.137295
328.754255  328.562668 170.265173
164.665419  276.340753 284.891221
113.031380  128.097665 91.323240
260.554070  373.073124 231.519833
181.754376  167.300394 247.118544
380.936126  271.996370 136.796520
156.214386  293.701289 216.627915
346.380430  132.697242 147.158169
274.046782  419.438798 365.606251
427.363115  134.159732 243.590254
292.450289  152.217933 344.554708
347.779055  411.816240 284.067502
276.387977  286.478284 320.322169
453.039730  258.265311 351.497660
368.334780  438.893760 118.092852
263.999251  382.257589 357.597137
430.310828  232.807148 136.564225
284.390560  118.151723 279.200576
396.467352  343.426831 156.076585
260.182694  102.981832 372.832661
207.944701  382.613478 264.810556
414.996338  170.096678 260.257192
175.238755  428.259612 178.384716
107.605388  346.109688 170.006441
398.223174  300.169453 348.458069
266.467475  448.618804 281.564062
427.348888  278.400760 126.495351
410.216155  109.338497 199.219700
158.406224  330.599845 381.459722
230.924532  344.995872 116.748362
422.405347  223.373445 360.740621
142.755730  329.124793 144.980535
211.180272  143.114795 203.565531
155.922662  237.005658 261.735906
238.889121  201.533449 155.133731
371.832652  355.591278 183.534934
376.239591  422.234688 198.822874
236.459838  206.498298 98.264997
240.120091  295.858864 287.875802
347.422517  205.617957 198.640212
190.447621  128.270461 293.969664
378.932339  250.418361 197.029322
378.526086  351.061361 143.042347
184.071313  435.450873 268.359982
283.310590  130.329829 191.319431
120.408975  325.833546 204.404810
397.939274  407.677714 340.787242
168.282312  330.288222 294.575391
136.773587  298.414908 301.438597
312.469332  281.719754 254.916165
241.535844  244.690127 315.403255
248.046988  194.312172 263.604940
370.847582  259.060491 243.348666
168.775755  106.994845 132.315764
195.248125  348.215091 312.403626
128.193771  310.504007 178.089456
