  1.2910924e+002  3.0165142e+001  4.3542918e+000
  2.6892812e+001  5.2393434e+001  7.9946065e+000
 -1.3945760e+002 -7.1100834e+000 -4.2022502e+000
  1.0963860e+002  6.7818257e+001  3.2869441e+000
  1.7324761e+002 -6.4344783e+000 -3.1932369e+000
 -1.1040529e+002 -3.4888895e+001  1.8522695e+000
  9.7483003e+001  1.9352536e+000 -1.0719919e-001
  1.5590003e+002 -2.4768189e+001 -4.1400813e-001
  9.8286465e+001 -5.4665680e+000 -1.0125317e+000
  2.4923528e+000 -5.8202214e+001  1.1141368e+001
  1.4857829e+000  3.8694890e+001  2.1540855e+000
  1.0236202e+002 -5.6732914e+001  6.7655441e+000
  1.7503470e+002 -8.5396212e+001 -4.2308888e+000
 -5.0497025e+001 -2.8189761e+001 -5.5240368e+000
  5.6924915e+001 -6.6483242e+001  1.2532784e+000
  6.6998177e+001 -7.8463858e+001 -4.0207096e+000
  3.4455214e+001 -8.6654770e+001 -3.5068477e+000
 -8.2273218e+001 -6.8559857e+001 -1.5805125e+000
  2.5234592e+000 -3.2224447e+001  1.8607415e+000
 -4.6456746e+000  8.3810879e+001 -2.7173795e+000
 -4.7416676e+001 -5.6842044e+001  2.9833564e+000
 -1.2030663e+002  1.7436869e+000 -4.1514490e+000
 -7.4706247e+001  4.9949234e+001  4.0902845e+000
 -6.6103634e+001  1.6543517e+001 -1.8086338e+000
  1.3476994e+002 -7.6560073e+001 -1.3032772e+000
  5.5175437e+001 -6.6904642e+000 -2.4145089e+000
 -1.4648988e+002 -2.6184264e+000 -3.5975555e+000
  3.4934596e+001  6.1102179e+001  6.5084181e+000
  3.6141329e+000  3.0341364e+001 -1.6350075e+000
  1.5929054e+002  8.2220692e+001 -8.5628846e-001
 -5.0449749e+001 -7.4940983e+001 -2.2366929e+000
  3.5908721e+000 -2.2766672e+001 -2.3067945e+000
  2.8533081e+001 -3.7766929e+001  5.5712551e+000
 -6.1367048e+001 -4.2419952e+001  6.5683836e+000
 -1.3670606e+002 -1.2040653e+001 -3.6838277e+000
  2.3723144e+001  8.6872308e+001 -2.1294993e+000
 -1.1055869e+002 -4.3469458e+001  3.8893616e+000
  8.8724353e+001  8.5589413e+001 -1.7639342e+000
 -2.7092791e+001 -4.3296664e+001  6.9118797e+000
 -9.8926288e+001  6.9829929e+000 -5.4158515e+000
 -5.1088409e+001 -6.4917261e+001  4.3323079e-002
 -1.0442675e+002  7.6373421e+001 -1.7877981e+000
 -1.4711815e+002  7.6818280e+001 -2.2104851e+000
  2.5323963e+001  1.4800192e+001 -1.1044136e+000
  1.8445846e+001  2.6391828e+001 -1.6379959e+000
  1.2559019e+002  3.0245120e+001 -8.2324023e+000
  9.9930084e+001 -6.8570027e+001  9.4026977e-001
  1.0071938e+001  6.2776571e+001  3.7446382e+000
 -1.0496931e+002 -2.9403906e+001  2.8837848e+000
 -1.6409142e+002 -4.1004651e+000 -2.4530501e+000
  4.8873130e+001 -4.1547726e+001  7.8288736e+000
  5.2997543e+000  6.3507248e+001  3.5570417e+000
 -1.1873338e+000 -5.1355198e+001  5.4007435e+000
 -1.1543051e+002 -5.5768965e+001  1.0539875e+000
 -1.6540562e+001 -7.9241517e+001 -2.9789820e+000
 -7.0965513e+001  1.2815848e+001 -3.2021138e+000
  5.3099533e+001 -8.4610737e+001 -3.1138891e+000
  7.1340295e+001 -9.3863403e+000 -6.9657670e+000
 -8.4702543e+001 -2.4293563e+001 -2.8319322e+000
  4.0059652e+001 -1.5802321e+001 -3.7164042e+000
  1.2469698e+002  1.1229879e+001 -5.9663011e+000
 -1.3903752e+002 -6.4770057e+001 -1.4072998e+000
  1.5595926e+002  1.2460265e+001 -1.4168137e+000
  6.3244945e+001 -4.8600584e+001  8.3578655e+000
  9.1293645e+001 -4.1886343e+001  7.0540668e+000
  1.6479434e+002  8.5900781e+001 -1.5573138e+000
  6.7540386e+001  3.1471151e+001  6.5968583e+000
 -1.4728745e+002  5.0392539e+001  3.3623177e-001
  1.5243214e+001  4.0565240e+001  5.6011278e+000
 -5.8920537e+001 -1.3480850e+001 -3.0848655e+000
  1.3983730e+001 -8.2526364e+001 -3.5458825e+000
 -6.1800641e+001 -6.1334645e+000 -3.5074896e+000
  8.3946068e+000 -3.2235012e+001 -3.5876987e+000
 -1.6122473e+002 -6.8022318e+001 -2.2231800e+000
  4.0584927e+001 -3.9333681e+001  2.6211150e+000
 -6.3209538e+000  8.7404783e+001 -2.2614440e+000
  8.0613755e+001  2.0247265e+001 -3.3777080e+000
 -1.3070987e+001  6.3654404e+001  3.8217828e+000
  1.7501646e+001 -4.7071394e+001  7.3364541e+000
 -1.6307969e+002  7.7510601e+001 -2.1874229e+000
  9.1394738e+000  7.5966094e+000 -5.9941351e+000
 -1.4591145e+002 -6.6699168e+001 -1.8354465e+000
  4.1614111e+001 -1.3148105e+001 -2.3074962e+000
  2.1168850e+001 -1.2533601e+001  5.0183484e-001
 -1.0463481e+002 -5.2077233e+001  6.3127160e+000
  1.4612122e+002  8.7540668e+001 -5.3015616e+000
 -6.5777675e+001 -1.1816756e+001 -3.1048561e+000
  8.9343649e+000  4.4395992e+001  4.2889074e+000
 -7.4519506e+001  2.4120441e+001 -5.4135610e+000
  1.7620988e+002 -2.3903238e+001 -4.9731458e+000
 -1.1478658e+002 -4.9606320e+000 -3.2203722e+000
 -1.2992141e+002  6.9358630e+001 -6.9389368e-001
 -4.8372048e+001  4.9784155e+001  2.5917171e+000
 -6.6725062e+001  8.0713735e+001 -1.9697964e+000
  1.9789492e+001 -3.3076152e+001  5.2396415e+000
  1.2301495e+000 -7.5621195e+001 -1.9705195e+000
  1.3192387e+002  2.2421400e+001 -5.0323547e+000
 -4.6051150e+001  3.2143642e+001  2.8169405e+000
  6.3825557e+001 -3.8119805e+001  7.3659319e+000
 -1.5424954e+002  1.7969581e+001 -4.0994311e+000
  1.3209434e+002 -2.9930691e+001 -4.6069282e-001
  5.3895228e+001  6.7211131e+001  3.7785723e+000
 -6.1555619e+001 -7.0938690e+001 -1.5965993e+000
 -1.2270871e+002  2.4731924e+001 -2.5393263e+000
  1.3694533e+002  9.5394174e+000 -7.1865403e+000
  1.7519624e+002  6.5867096e-001 -7.8267391e+000
  7.8279550e+001  2.4322294e+001  3.6851836e+000
  1.6495026e+001  3.8116784e+000 -5.9040538e-001
 -1.0296305e+002 -4.8008860e-001 -9.9540730e-001
 -1.0480415e+002  4.6307751e+001  1.7686088e+000
 -4.4728083e+001  2.0550208e+001 -4.9804423e+000
  3.3178555e+001  4.6500013e+000 -3.3220643e+000
 -5.1840090e+001  3.6848662e+001  4.5568626e+000
 -5.9456530e+001 -8.1182039e+001 -2.9155364e+000
 -7.2451870e+001 -7.8197576e+000 -4.1456477e+000
 -7.9839383e+001  8.3299013e+001 -2.1905601e+000
 -6.7777620e+001  9.1943082e+001 -2.6138819e+000
 -1.5678974e+002  7.9733969e+000 -2.8989368e+000
 -6.9587582e+001 -3.9899894e+001  4.2831684e+000
 -5.0287739e+001 -1.0449552e+001 -2.4732689e+000
 -3.6803586e+001  8.1259485e+001 -1.7302850e+000
 -1.2447082e+002  4.1593530e+001  2.3277321e-001
 -9.3435547e+001 -3.0696553e+001  3.6525730e+000
  7.2934625e+001 -9.3250896e+000  2.7989711e+000
  8.9504492e+001 -4.2536585e+000  1.1360313e+000
  4.1826495e+001  2.7371243e+001 -5.5116453e-001
 -2.9586911e+001 -4.5345331e+001  6.1781156e+000
 -4.5814542e+001 -6.9303314e+001 -1.0539475e+000
 -1.1204369e+002 -6.9428570e+001 -1.8427565e+000
 -3.2512831e+001 -3.0354262e+001  3.1928670e+000
 -3.7800319e+001 -3.4613119e+001  3.6188192e+000
 -2.9400766e+001  8.3531857e+001 -1.9628115e+000
  5.9819457e+001 -8.5554009e+001 -2.8014602e+000
 -1.0035028e+002  4.9657655e+001  2.3210098e+000
 -6.4578155e+001 -5.9591790e+001  1.2097877e+000
 -4.4096898e-001 -5.5428779e+001  4.9719463e+000
  4.7624052e+001 -1.6426036e+001 -4.7936234e+000
  1.3161239e+002  1.6626548e+001 -2.7350403e+000
  2.8855928e+001  3.8918778e+001  4.0396411e+000
  1.2200434e+002  2.9935102e+001 -1.2591260e+000
 -9.2945988e+001  3.9526740e+001 -8.7289979e-002
 -3.7922181e+001 -2.1068672e+001 -3.1084949e+000
  6.5926182e+001  2.4893346e+001 -1.7288169e+000
  1.0372722e+002 -7.0231001e+001  1.1926316e-001
  5.9573016e+001 -5.8361826e+001  5.5457852e+000
  7.1625758e+001 -5.9657980e+001  4.9066674e+000
 -9.4002978e+001 -8.3840263e+001 -3.1564194e+000
 -3.7323634e+001 -2.9801615e+000 -5.7334808e+000
  9.3937463e+001 -5.2539081e+001  1.0076368e+001
 -5.0730162e+001  4.9105970e+001  4.8062955e+000
 -3.1930739e+001  7.7652448e+001 -1.7288382e+000
 -1.3462173e+001 -3.6784002e+001  7.1139133e+000
 -8.3283978e+001 -4.6843802e+001  3.7850874e+000
  9.2442229e+000  5.4326199e+001  8.8399048e+000
 -6.6539209e+001  6.5767994e+001  1.5929846e+000
  1.1332223e+002 -2.9539705e+000 -3.0473246e+000
 -9.9428901e+000 -6.2350504e+001  1.7352539e+000
  1.0828358e+002 -5.9586209e+001  3.9891969e+000
  1.1073060e+002  6.1224298e+001  6.1095028e+000
  9.7261592e+001  6.8967402e+001  1.8228799e+000
 -1.4663089e+002  7.7406842e+001 -2.0904027e+000
 -1.5062649e+002 -7.4755977e+001 -2.7326422e+000
  9.5072095e+001 -7.4209738e+001 -1.4138187e+000
  7.1200650e+001  4.5883767e+001  7.8439691e+000
  7.5600358e+001 -3.1721173e+001 -8.4839090e-001
 -1.2733503e+002 -2.5941132e+001 -3.4239303e+000
 -7.6273108e+001  3.3418236e+001 -4.3308801e+000
 -1.4125054e+002  6.0006963e+001 -3.2682960e+000
 -6.5254861e+001  6.3077192e+001  2.8283281e+000
  9.9704901e+001  7.5117012e+001  2.1269186e-001
  7.2076648e+001 -5.8859766e+001  5.5824836e+000
  8.9341067e+001 -2.4886069e+001 -1.2441772e+000
 -1.6517715e+002 -1.4576681e+001 -1.6958707e+000
 -7.9726923e+001  6.9019183e+001  4.6980170e-001
  4.8055265e-001 -3.6635411e+001  6.2054695e+000
  1.3807841e+001  9.1687405e+000 -4.6087774e+000
  9.0576174e+000  9.1871485e-001 -8.9601953e-001
 -2.0521406e+001  8.9758798e+000 -3.3953439e+000
  1.6564183e+002 -8.7259526e+001 -2.6495619e+000
 -2.1503765e+001  2.4279498e+001 -2.3713178e+000
 -1.1598241e+002 -6.5882155e+001 -1.2485751e+000
  4.2542819e+000 -5.8481843e+001  2.8717956e+000
  3.0789692e+001 -7.1587926e+001 -9.2525205e-001
 -1.6015025e+002  7.2606723e+001 -1.9191824e+000
  1.6862252e+001  1.2402245e+001 -3.4683715e+000
  9.7917665e+001 -5.9791001e+001  5.3221182e+000
 -6.9989632e+001  5.4169146e+001  5.4144538e+000
  1.2195008e+001 -2.9737297e+001  4.0643378e+000
  3.3056219e+001  5.3854511e+001  9.2199434e+000
  1.1547731e+002  2.2196442e+001 -8.6655351e+000
 -1.4725049e+002  2.5030289e+001 -1.0763935e+000
  9.8799751e+001  8.1689033e+001 -1.0322066e+000
  6.0876031e+000  8.4063441e+001 -2.2568824e+000
  7.7808786e+001  4.2807584e+000 -6.0237798e+000
 -1.4508501e+002 -8.2173422e+001 -3.8903915e+000
 -1.5585093e+002  7.6441695e+001 -2.0363739e+000
  8.3719404e+001  3.1784092e+001  3.8626802e+000
 -6.7806606e+001 -3.1672133e+000 -4.2433573e+000
 -3.5942490e+001 -1.5810950e+001 -6.8252682e-001
 -1.4045471e+002 -6.3867902e+001 -1.2780101e+000
  5.1511318e+001  4.4064433e+001  9.8951237e+000
 -3.5233146e+001 -1.9562268e+001 -1.3048087e+000
  6.2369989e+001  7.7245245e+001 -1.3262278e-001
  7.5235556e+001  6.8274642e+001  2.5564198e+000
  5.1890911e+001  5.8347650e+001  6.7041680e+000
 -1.1058885e+002 -5.4917368e+001  1.7129997e+000
  8.0385945e+001  1.2042184e+001 -1.7659125e+000
 -6.1570718e+000 -4.2562764e+001  3.1235361e+000
  5.3610328e+001 -5.3052008e+001  3.8581636e+000
 -3.0753619e+001  3.9599223e+001  5.6427111e+000
 -7.9261059e+001  8.4880833e+001 -2.3143437e+000
  1.5660707e+001 -5.7381227e+000 -7.8889798e+000
  1.2436768e+001  4.9573911e+001  2.4961804e+000
  1.1525705e+002 -7.6290227e+001 -2.8497785e+000
  6.8737829e+001  5.9871907e+001  6.4162204e+000
  7.0100883e+000 -4.3821049e+000 -7.2304973e+000
  4.2801774e+001  5.7723739e+001  8.5291329e+000
 -6.6041258e+001 -7.4372969e+001 -2.2077074e+000
 -4.9809510e+001 -2.4163215e+001  3.9712208e-001
 -4.2130675e+001  7.9238288e+001 -2.0852679e+000
  1.6064188e+001 -6.2558207e+001  2.1975467e+000
  9.2664468e+001  3.9919678e+000 -5.6599139e+000
 -9.5183276e+001 -3.7582332e+001  2.8749015e+000
  1.0384082e+002 -1.9801932e-001 -8.0920446e+000
 -9.4481953e+000 -4.9323157e+001  8.4482662e+000
  3.4779683e+001 -4.3738117e+001  6.9189385e+000
 -9.5105239e+001  3.0980910e+001  5.3873733e-001
 -1.8325308e+001  5.1555384e+001  5.4147492e+000
  4.7250660e+001 -7.8961884e+001 -1.7370670e+000
 -2.4754462e-001  1.4941039e+001 -3.7576561e+000
 -6.6395761e+001 -1.7802401e+001 -5.0360873e+000
  2.3204646e+001  2.8473757e+001 -2.5706578e+000
 -2.3308455e+001 -4.8967510e+001  5.1610397e+000
  9.2972512e+001 -6.8862977e+000 -4.8597758e+000
 -5.6695410e+001  4.1223348e+001  5.0233455e-001
 -9.5185789e+001 -5.9543885e+001  7.8694358e-001
 -3.9114215e+001  3.4016157e+001  1.8665867e-001
  2.4018271e+001  6.8810938e+000 -4.2113082e+000
  5.2269209e+001 -4.7562912e+000 -2.5759718e+000
 -6.8553229e+001 -3.6807978e+001  6.0353273e+000
 -1.0025704e+002 -7.6743988e+001 -2.7356615e+000
 -1.0786751e+002  1.1546249e+001 -4.8742550e+000
  5.0413921e+001  8.7424827e+001 -2.4155479e+000
  5.1821836e+001  5.8609951e+001  7.4882898e+000
  4.3839465e+001 -8.0503035e+001 -4.1509892e+000
 -6.9185240e+001 -1.4717136e+001 -1.4342662e+000
  2.5908584e+001  8.3006214e+001 -1.7108103e+000
 -1.6303148e+001 -7.3894692e+001 -1.9853173e+000
 -2.4744277e+001 -3.4365007e+001  3.9481214e+000
 -7.9367310e+001 -2.2224033e+001  2.0511340e+000
 -6.6773219e+001  6.8638075e+001  6.8540259e-001
  2.7132546e+001 -3.9911831e+000 -9.6743587e+000
  1.3125129e+002  2.9828562e+001 -3.8617409e-001
 -9.3856825e+001 -4.8299621e+001  3.8885844e+000
 -1.6691963e+002  6.7618655e+001 -1.5189367e+000
 -6.6687218e+001 -6.6637629e+001 -6.7990942e-001
 -5.6455041e+001 -4.9198818e+001  5.0887430e+000
  1.3082386e+002  7.0227628e+001  3.1736125e+000
 -5.9189311e+001 -6.0126006e+001  1.4837232e+000
  1.2657003e+002 -1.9867983e+001 -9.1264902e-001
 -8.4457777e+001  6.0074321e+001  2.6711801e+000
 -1.0301780e+002  7.8404038e+001 -1.8424691e+000
 -1.0188457e+000  3.9672242e+001  2.3345475e+000
  7.0624662e+001  5.3368984e+001  1.0531408e+001
 -5.6029202e+001  4.0413511e+001  1.8439336e+000
  5.7946332e+000 -5.8764879e+001  2.2694980e+000
 -6.9031725e+001 -3.6820542e+000 -5.4290158e+000
 -6.9196837e+001 -7.8261019e+001 -2.9259153e+000
  1.8568444e+001 -2.6334099e+001  2.1671329e+000
  1.1989282e+002  8.7325507e+001 -3.9502632e+000
  1.4431176e+002 -7.2968814e+001 -1.6764112e-001
 -1.4343005e+002 -6.4501835e+001 -1.5456619e+000
  2.6243654e+001 -7.8125011e+000  1.0560711e+000
  4.7949271e+001 -7.1965104e+001 -7.5752407e-001
 -2.6621420e+001  4.8506023e+001  5.1679465e+000
  2.8048864e+001  6.1446188e+001  2.4441638e+000
 -1.4775853e+001  7.5067370e+001 -6.6572583e-001
  1.2566943e+002  1.1332379e+001 -4.8877354e+000
  8.3829337e+000  2.3454301e+001 -6.6885647e-001
  1.5246261e+002 -2.5062769e+001  4.0899136e-001
 -3.1867859e+001  2.3783004e+001 -9.3271213e-001
  1.8264667e+001 -8.1778568e+001 -2.6916223e+000
  5.7051688e+001 -6.4376126e+001  2.0225010e+000
  4.7381964e+001  6.5525024e+001  4.5452565e+000
  1.4783043e+002 -7.7459097e+001 -2.0331630e+000
  1.3726882e+002  8.1600281e+001 -1.6917357e+000
 -1.1916614e+002  2.8244354e+001 -2.5929480e+000
 -3.7531824e+001 -2.0605644e+001 -4.7564597e+000
 -3.8201111e+001 -7.5402669e+001 -3.8787490e+000
  4.8149069e+001  3.2596085e+001  3.9168993e+000
  1.2495654e+002  2.0092843e+001 -7.7324140e+000
  1.1186045e+002 -1.4810042e+001 -8.8946356e+000
  3.3963202e+001 -6.6554535e+001  8.6605264e-001
  4.5902653e+001 -3.2102835e+001  3.6766823e+000
 -1.9489608e+001 -1.3469927e+001 -1.4434905e+000
  5.1502300e+001  9.1873001e+001 -3.6105462e+000
  4.0640149e+001 -2.9895329e+001  7.5229087e+000
 -6.5870871e+001  5.9135747e+001  3.7323246e-001
  1.3100116e+002  8.8763086e+001 -2.2883717e+000
 -1.2737824e+002  1.1891604e+001 -3.6912624e+000
  1.3198270e+002  9.6799756e+000 -5.6015000e+000
 -7.8253386e+001 -7.7948244e+001 -2.7204563e+000
  1.7394352e+001 -2.0180128e+001 -2.4909528e+000
 -4.0014610e+001 -6.7000460e+000 -4.3554033e+000
  5.9195565e+000 -7.0906327e+001 -8.8065844e-001
  1.1760301e+002  2.6096945e+001 -1.8743000e+000
  8.5401220e+001  3.2533904e+001  6.2441924e+000
 -5.0056694e+001 -1.5571856e+001 -2.7276950e+000
  1.3301941e+001 -6.8667898e+001 -1.5643964e-001
  7.4303249e+001 -7.5648931e+001  5.9899910e+000
  9.3884217e+001 -2.6104928e+001 -2.5533850e+000
  1.3519388e+002  2.6630959e+001 -1.6893407e+000
  3.1137625e+001 -3.1603336e+001 -1.2717735e+000
  1.1668642e+002  3.0516514e+001  4.8935565e-001
  1.4768187e+002 -1.8359634e+001  1.4653504e-001
  2.9109139e+001  3.9615669e+001  3.8957871e+000
  7.2052184e+001 -1.3268858e+001 -2.2206971e+000
  6.8802981e+001 -7.5017885e+001 -1.3726476e+000
 -1.4268025e+002 -7.6084658e+001 -2.8902493e+000
  4.5719451e+001 -2.5651129e+001  1.7860429e+000
 -1.8378450e+001  5.1505749e+001  1.6669456e+000
 -1.2573708e+002 -5.1790544e+000 -3.0940003e+000
 -1.1095098e+001 -6.5294916e+001  6.0003873e-001
 -6.9719255e+001 -2.3271592e+001 -4.7151351e-001
 -6.8246492e+001  7.8940077e+001 -1.5475460e+000
 -9.0979672e+001  3.6618214e+000 -2.1920680e+000
 -4.7438875e+001  4.6255137e+001  4.1487337e+000
 -9.6689212e+001  6.7145644e+001 -8.5970482e-001
  1.9051764e+002  6.0552748e+000 -8.9530845e+000
  1.6734649e+002 -7.6771955e+001 -5.1408781e+000
  2.5473300e+001  9.6590218e+000 -3.5940679e+000
  6.0849104e+001  3.8722889e+001  7.4309576e+000
 -4.7459485e+001  4.0286068e+001  4.9566548e+000
 -5.6072039e+001 -6.9225462e+001 -1.8806920e+000
 -1.5675362e+002  7.2068429e+001 -1.4963751e+000
 -3.5589864e+001  3.0327677e+001  1.0616054e+000
 -3.0306876e+000 -1.1646294e+001 -1.9049072e+000
  1.3039162e+002  7.7886073e+001  1.1949287e-001
  7.9464780e+001  3.8444523e+001  7.2131925e+000
 -1.4342878e+001  8.8383790e+001 -2.4952957e+000
 -4.7135855e+001 -3.2812276e+001 -1.2318886e+000
 -1.1909917e+002  6.4541470e+001 -4.8976037e-001
 -6.3036486e+001 -3.6321794e+001  1.2973173e+000
 -1.0563606e+002  1.7196863e+001 -3.2562187e+000
  1.6183683e+002  1.0935500e+001 -9.7744012e+000
 -1.1210801e+002  8.1448789e+001 -3.2619206e+000
 -4.6173793e+001  3.4334508e+001  3.2524261e+000
  7.2849627e+001 -3.1280294e+001  5.1737898e+000
  1.4843534e+001  4.4615281e+001  6.2462931e+000
  3.1995591e+001  2.8230142e+001  3.6691636e+000
 -6.4858851e+001  5.0570072e+001  5.0177497e+000
 -1.2028396e+002 -5.6925276e+001  7.5704465e-001
 -1.7764445e+001  6.9854936e+001  1.3007819e+000
 -3.9537155e+001  2.5256744e+001 -2.1381091e+000
  4.5082528e+001  8.5863439e+001 -2.7297733e+000
 -4.9508326e+001 -8.2179714e+001 -4.2262307e+000
  1.2659515e+002  2.9043015e+001 -1.3207390e+000
 -1.3504111e+002  5.7246982e+001 -6.6294309e-001
  1.1490130e+002 -2.5497621e+001 -1.8186749e-002
  1.7713970e+002 -9.8451504e+000 -6.4781414e+000
  4.7350203e+001  3.4093837e+001  7.6481857e-001
  5.0083387e+001  5.8662820e+001  8.5701173e+000
 -9.1728030e+001 -5.5322447e+001  1.7852109e+000
  1.1651578e+002 -8.2509453e+000 -1.7569233e+000
  5.6321041e+001 -7.5726769e+001 -1.6131273e+000
  7.9492357e+001 -2.8532030e+001  1.6012540e+000
 -1.3391561e+002 -3.8463171e+001  2.3923925e+000
 -1.3603775e+002  2.3419401e+001 -5.9462252e+000
  7.1615303e+001 -3.3769393e+001  4.6071472e+000
  1.9950741e+001 -3.3170773e+001  8.4622287e+000
  9.4966832e+001  3.4151700e+001 -2.4405972e+000
  3.6386097e+001 -3.2951526e+000 -2.5204822e+000
  6.4124234e+001 -1.4453361e+001 -1.0211759e+000
  1.2933640e+002 -2.2026845e+001  1.6585092e+000
 -1.1518960e+002  6.0792031e-001 -3.6326948e+000
 -1.6712827e+002 -4.8412865e+001  1.2039671e+000
  6.6514003e+001 -4.9225901e+001  8.3870131e+000
  1.5688786e+002  3.1737904e+000 -6.8284828e+000
  9.4934631e+001  8.3052669e+000 -4.6774275e-001
 -1.5797877e+002 -2.0796944e+001 -2.0297891e+000
  1.0849724e+002  7.4344030e+001  5.5911741e-001
 -9.8469722e+001  7.6065812e+001 -1.3359481e+000
 -1.2038058e+002  5.3955953e+001  2.0670946e+000
 -1.3545361e+002 -2.6717686e+001 -4.8044880e+000
 -1.2596412e+002  7.9371953e+001 -2.0386295e+000
 -1.0237673e+002 -2.8632077e+001  1.4296613e+000
  2.8895620e+001  4.0166815e+001  1.7205002e+000
  7.6438398e+001 -7.5459484e+001 -2.8967279e+000
  1.2898656e+002 -9.5879748e+000 -8.4438865e+000
  5.5959767e+001 -2.7485298e+001 -9.0503446e-001
  8.8097709e+001  5.6709294e+001  9.3213857e+000
 -2.2038887e+001 -5.2513085e+001  4.0973819e+000
  4.8801446e+001 -7.5011046e+001 -1.5089743e+000
 -6.9595245e+001 -7.8693472e+001 -2.8805393e+000
 -2.7305947e+001  2.4596636e+001  1.3374990e+000
  5.0534349e+001 -6.5295095e+001  5.7875689e-001
  1.1497744e+002  1.4123874e-001 -2.8871319e+000
 -1.4914165e+001  4.3161983e+001  4.5081281e+000
  1.0788402e+002  9.1449707e+001 -2.1993058e+000
 -9.8530724e+000 -4.1517943e+001  8.6211359e+000
  1.3861961e+002 -2.2367281e+001  1.2434933e+000
 -8.5693483e+001  6.2801343e+001  2.1961399e+000
  8.3232056e+001  3.6501268e+001  8.5208759e+000
 -2.1685112e+001  3.0529610e+001 -5.6837043e-001
 -3.3610789e+001  2.6040358e+000 -4.4351320e+000
 -7.9970568e+001  1.7093917e+001 -7.0266858e-001
  6.7224564e+001 -2.7845406e+001 -6.2062099e-002
  1.4104079e+002  3.0739101e+001  1.5318418e+000
  1.5998555e+002  3.2407930e+001 -4.8479058e+000
  5.5615386e+000 -7.1173749e+001 -9.5382720e-001
 -7.7487110e+000 -4.1614524e+001  7.3343375e+000
 -1.6465848e+001  7.3335633e+001  2.0493711e-001
 -2.9736812e+001  3.4406954e+001  4.5551566e+000
 -2.1845311e+001 -9.2919312e+000 -1.8832616e+000
 -1.6837277e+002 -3.4815689e+001  1.5056335e-002
  1.3566766e+002  5.8238531e+000 -3.7516369e+000
  1.4973942e+002 -2.4413523e+001  1.4958061e-001
 -4.2875693e+001  7.3556707e+001 -8.8872512e-001
 -4.4786420e+001  5.3738585e+001  7.2422157e-001
 -5.9153802e+001  7.0182003e+001  4.0020025e-001
  1.3754920e+002 -1.1664786e+001  9.3874176e-001
 -6.4796938e+001  3.1098389e+001 -7.6550823e-001
 -7.5768550e+001  3.5299001e+001  3.1962413e-001
  1.8722851e+001  6.9019849e+001  1.5615027e+000
  1.6400743e+002  3.0267500e+000 -5.3410851e+000
 -6.2448337e+001 -6.9847810e+001 -1.3654392e+000
 -1.2141339e+002  6.6067757e+001  3.5272968e-001
 -8.9264878e+001 -1.9501178e+001 -1.0031261e+000
  9.5194958e+001  9.1343033e+001 -2.3097949e+000
  1.6488264e+002 -8.5836030e+001 -2.6834587e+000
  1.1811367e+002 -6.8573373e+001  1.2546546e+000
  4.0948730e+001  1.2332802e+001 -1.6761439e+000
  6.2253245e+001  7.5498446e+001 -3.3474365e-001
  6.1731639e+001  9.1936613e+001 -2.3348057e+000
 -9.8998366e+001 -2.2686673e+001 -6.4967700e-001
 -1.0483592e+002 -6.5643980e+001 -1.0264234e+000
  9.6403501e+000 -5.2334925e+001  4.5582658e+000
  1.6862253e+001  5.4567746e+000 -4.2327684e+000
 -1.5745811e+002 -1.5048438e+001 -2.4943741e+000
 -1.4198761e+002  7.9955879e+001 -2.5790468e+000
 -1.7881002e+002  5.2126958e+001  7.1343422e-001
 -7.2858646e+000 -6.8046681e+001 -2.3828840e-001
  1.0722486e+002  8.5422079e+001 -7.3023027e-001
 -3.7586276e+001  9.9267530e+000 -5.5558312e+000
 -8.6771767e+001 -3.4499460e+001  2.5734112e+000
 -1.0198037e+002  7.6076699e+001 -1.5265463e+000
 -2.1475316e+001 -8.2398897e+001 -3.1042522e+000
  1.1660340e+002  3.2315065e+001  7.5977600e+000
  4.1774910e+000 -7.1685050e+001 -1.0985492e+000
 -1.3294044e+002 -2.0283572e+001 -3.4659617e-001
 -1.1341179e+002 -6.4635908e+001 -9.8373060e-001
  2.6109954e+001  9.1999245e+001 -3.4856978e+000
 -5.1532815e+001  7.2044197e+001  3.9067126e-001
  7.8909417e+001  5.3226995e+000 -6.5764683e+000
 -1.3667843e+002 -4.2611494e+001  2.2714811e+000
 -1.2232863e+002 -2.3154266e+001  1.6067130e-001
  5.5051519e+000 -2.7425323e+001 -5.7854289e+000
  1.5437106e+002 -6.4095724e+001  1.0915947e+000
  9.8538565e+001  1.9532042e+000 -5.9957448e+000
  1.6154402e+002  1.7746761e+001 -4.6740771e+000
 -1.3595957e+002 -6.7061697e+001 -1.7534912e+000
 -2.3450422e+001 -4.8307326e+001  5.5240507e+000
  2.4378668e+001  1.6299762e+001 -5.2570272e+000
 -1.1709258e+002 -3.3629312e+001  8.0662085e-001
  8.0392578e+001  5.2188069e+001  1.1572003e+001
  8.2986300e+001  6.1254933e+001  7.6674248e+000
  1.4635388e+002  9.1931843e+001 -2.0848023e+000
  1.8168970e+001  5.0005490e+001  7.2690065e+000
  7.8924742e+000  4.4053878e+000 -6.0722026e+000
  1.8569556e+001  6.4010916e+000 -3.7121142e+000
  5.3223528e+001 -1.2352037e+001 -1.9952220e+000
  1.8721470e+002 -3.8932166e+000 -6.7591091e+000
 -9.9479248e+000  1.0632652e+000 -2.8505899e+000
  8.7219563e+001  5.3390498e+001  1.0294877e+001
  1.0374600e+002 -5.6549439e+001  8.2261735e+000
  1.7221388e+002 -2.6754432e+000 -1.0290243e+001
 -1.5221386e+002 -6.3491582e+001 -1.4109435e+000
 -4.3478487e+000 -4.8630620e+000 -4.0449370e+000
  1.1536695e+002  1.9516824e+000 -6.4858552e+000
  9.2734689e+001  5.1826135e+001  6.5057662e+000
  1.6502522e+002 -7.1220663e+001 -1.0156578e+000
 -3.4176921e+001 -4.1692581e+001  6.7280805e+000
 -1.3339307e+002  8.7183035e+001 -2.6926268e+000
  1.6188969e+001  4.8908858e+000 -5.1464973e+000
 -1.5186084e+002 -3.9122761e+001 -3.0778126e-002
  1.2401216e+001 -3.3035893e+001  3.5475262e+000
  1.3055750e+002  3.3747836e+001 -2.6058772e+000
  7.6238953e+001 -3.6385004e+000 -4.6379557e+000
 -1.1360230e+002 -6.6071016e+001 -1.2507227e+000
 -8.4276290e+000 -1.4152400e+001 -5.0779831e+000
 -1.6734037e+002  7.0428256e+001 -1.5708986e+000
  1.0709990e+002  2.5633495e+001  5.6825062e-001
 -6.0891898e+001  9.0078038e+001 -2.8037487e+000
  1.1717942e+002  7.5768266e+001  8.3798879e-001
 -2.6871838e+000 -2.7033252e+001  8.6143250e-001
  1.4962078e+002 -6.5236750e+001 -2.2109269e-001
 -9.8803709e+001 -5.6327657e+001  1.7492688e+000
 -6.0859434e+000 -4.2801682e+001  7.8815681e+000
 -9.3815936e+001  7.3833696e+001 -9.4519408e-001
  1.6340156e+002  7.9337064e+001 -3.6857414e-002
 -9.0003271e+001 -4.0635066e+001  3.7092341e+000
 -1.6289021e+002  3.9972648e+000 -2.2478266e+000
  8.0383571e+001  2.4635587e+001  2.9895134e+000
 -9.9724510e+001  2.8187422e+001 -3.7751880e+000
  1.3333509e+002  3.7536849e+001  2.9051484e+000
  3.2363973e+001 -1.4554708e+001 -4.1299823e+000
  8.0458772e+001 -2.2321530e+001 -9.4195143e+000
 -3.8018634e-002 -5.3228888e+001  6.5333373e+000
  1.8323018e+002 -1.2503678e+000 -3.9568029e+000
  1.4228479e+001  1.8092033e+001 -1.9791109e-001
  1.6064675e+002  5.8488782e+000 -9.4792304e+000
  1.2000874e+001 -4.8968039e+001  6.0182289e+000
 -1.4343811e+002 -2.1516562e+001 -5.1619624e-001
  1.4387834e+002  2.0985424e+001 -6.0825653e+000
 -1.6089761e+002  3.5209118e+001 -1.2823039e+000
 -7.0150709e+001 -8.6297245e+001 -3.1459877e+000
 -1.1115656e+002  3.7360059e+001 -1.9024724e+000
  6.4688058e+001  3.0636922e+001  3.2666288e+000
  1.1688051e+002 -3.8433114e+001  6.9223282e+000
 -3.8132861e+001  9.8571013e+000 -5.2301193e+000
  8.0384063e+001  5.7593904e+001  8.9640042e+000
 -1.5365429e+002 -2.7255515e+001 -2.2104227e+000
  1.5723829e+002  8.4203113e+001 -1.2942551e+000
 -4.5210569e+001  6.1289582e+000 -1.8759640e+000
  9.4121959e+001 -7.7809372e+001 -2.2124242e+000
 -1.2669917e+002 -5.5013785e+001  1.0666481e+000
  6.3366333e+001 -4.6963477e+001  5.0743261e+000
 -1.2507757e+002 -5.9265817e-001 -3.0754093e+000
 -5.6354263e+001  5.5033089e+001  4.5519567e+000
 -1.2721280e+002 -3.9663338e-001 -4.4170292e+000
 -6.4781496e+001  6.9789473e+001  5.3417092e-001
 -1.1390779e+002  2.5809605e+001 -3.0548899e+000
 -3.1411924e+001 -3.7688649e+001 -1.6940165e+000
 -5.3391054e+000  3.4988258e+001  2.8400672e+000
 -2.8704195e+001 -4.9714793e+001  2.8697303e+000
 -6.6946460e+001 -5.9858941e+001  1.3429027e+000
 -1.1475759e+002 -6.9118655e+001 -2.3213553e+000
  1.0534655e+002 -9.4934730e+000 -3.1793732e+000
  9.0895135e+001  4.0711817e+001  7.7303085e+000
 -8.5033172e+001 -4.9001194e+001  2.3341647e+000
  1.0962527e+002 -8.2164953e+001 -3.5187640e+000
  1.5667549e+002  2.2140531e+001 -2.8133340e+000
 -7.0609565e+001  1.5951942e+001 -4.5380346e+000
 -3.0750491e+001  4.3338880e+001  4.2410483e+000
 -6.2208385e+001 -6.5483315e+001 -3.0527037e-001
 -1.7195253e+002  6.3955156e+001 -4.9881099e-001
 -2.6775554e+001 -4.4881449e+001  6.6061336e+000
  3.0458593e+001 -4.0838835e+001  9.9649772e+000
  1.9938803e+001  6.0950391e+000 -3.9909195e+000
  8.2536025e+001 -5.7050529e+001  8.4260753e+000
 -6.3153152e+001 -4.1270902e+001 -8.4286612e-001
 -7.0164998e+001  7.9847190e+001 -1.6938445e+000
 -7.8674415e+001 -2.0259280e+001 -1.6776136e+000
 -1.4133201e+002 -4.3897079e+001  1.4114536e+000
  2.7337249e+001 -2.4673874e+001  3.0797899e+000
  1.1302595e+002 -3.2624522e+001 -3.2746376e-001
 -1.6020270e+001 -4.1480280e+001  8.2081121e+000
 -7.0899539e+001  5.6070792e+001  3.5954020e+000
  1.1167684e+002  1.7067697e+000 -5.9206054e+000
  8.4585601e+001 -7.2658248e+001 -6.0897157e-001
 -1.2686652e+002 -1.0427220e+001 -1.9657791e+000
 -8.5393790e+001  2.8290410e+001 -3.5406453e+000
  1.6982016e+002  2.1170304e+001 -4.3764139e+000
  9.8670246e-001  7.2533235e+001  1.8886543e-001
  1.5419623e+001 -7.3521839e+001 -2.4867263e+000
 -1.3920610e+002  6.4097447e+001  4.5867120e-001
 -7.7623535e+001  7.8654581e+001 -1.8004219e+000
 -1.4959054e+002 -3.9772963e+001 -1.5156808e-001
  5.8963106e+001  8.2360205e+001 -2.2112995e+000
 -6.3381206e+001  6.0370100e+001  3.6927090e+000
  1.3292391e+002 -3.1363665e+001  2.9477835e+000
  1.4134109e+002 -8.6417030e+001 -4.7151682e+000
  7.5534485e+001  6.4708804e+001  5.6826080e+000
 -1.0038477e+002 -4.7555755e+001  3.1208242e+000
  6.3736314e+001  7.9785918e+001 -8.0060834e-001
  2.7683370e+001 -3.0006763e+001  1.6323359e+000
 -1.3332455e+002  2.2911913e+001 -2.8185178e+000
  3.0288264e+001 -8.6877439e+001 -5.0035088e+000
  3.4792146e+001 -3.8875567e+001  2.4881052e+000
  4.5950485e+001  2.8759970e+001  1.5061272e+000
  1.5947140e+001 -4.6324315e+001  9.1991017e+000
 -1.2048771e+001 -5.4431701e+001  5.0058477e+000
 -2.5137607e+001 -4.4738734e+001  7.7199355e+000
 -2.4166815e+001 -2.2056342e+001 -4.9958454e+000
  4.9421511e+001 -5.7371621e+001  5.1559694e+000
 -1.8931605e+001  3.3207292e+001  4.6133138e+000
 -7.3714699e+001  6.0832598e+001  3.2389711e+000
 -4.9485684e+000 -2.6107447e+001 -4.9382412e+000
  1.0521651e+002 -2.5530163e+001  1.8534082e+000
 -8.6122055e+000  2.7837315e+001 -1.8506687e-001
 -2.4629745e+001 -6.4960546e+001  4.8384084e-001
 -1.0015238e+002 -5.6396947e+001  1.7123218e+000
 -1.6292930e+002  5.2599376e+001  4.8450381e-001
 -1.3711245e+002  5.5492777e+001  9.7487124e-001
 -7.2815985e+001  4.9828193e+001  3.0641625e+000
  8.2206924e+001 -6.5149078e+001  2.1761924e+000
  4.6006200e+001  7.1045154e+001  1.7431769e+000
 -1.4121783e+002 -4.6862134e+001  2.5157138e+000
  4.4223739e+001 -3.7161540e+001  3.7100953e+000
 -9.0368550e+001  4.9788538e+001  2.3885428e+000
