  6.2360777e+001  7.8275529e+001  3.9382181e+002
  4.0369873e+001  6.3770783e+001  2.9252246e+002
  1.0031313e+002  2.2649934e+001  1.3103632e+002
  2.4758387e+001  7.3666865e+001  3.7477392e+002
  9.8875536e+001  7.8747748e+001  4.3866758e+002
  1.2800314e+002  3.3822984e+001  1.5861861e+002
  9.0680541e+001  6.8405573e+001  3.6352949e+002
  1.1724292e+002  7.8488100e+001  4.2113591e+002
  9.8083062e+001  6.7680929e+001  3.6449371e+002
  1.5101453e+002  6.2940684e+001  2.6815541e+002
  5.4147423e+001  5.3590442e+001  2.6856795e+002
  1.4931591e+002  7.6228080e+001  3.6723022e+002
  1.7783545e+002  7.8307160e+001  4.4075666e+002
  1.2118068e+002  3.7097013e+001  2.1887658e+002
  1.5919291e+002  6.2827735e+001  3.2349396e+002
  1.7116474e+002  5.9451833e+001  3.3436131e+002
  1.7943304e+002  5.4250306e+001  3.0225246e+002
  1.6161582e+002  3.5514935e+001  1.8697802e+002
  1.2506459e+002  5.3723363e+001  2.6977319e+002
  9.0611976e+000  4.7562803e+001  2.6330694e+002
  1.4979987e+002  4.6110533e+001  2.2046280e+002
  9.1412790e+001  2.6045031e+001  1.4986207e+002
  4.3072309e+001  4.2031394e+001  1.9320639e+002
  7.6474514e+001  3.7853323e+001  2.0277616e+002
  1.6908836e+002  7.4063474e+001  4.0058977e+002
  9.9415772e+001  5.8707727e+001  3.2230687e+002
  9.5836767e+001  2.1990764e+001  1.2399919e+002
  3.1646111e+001  6.3695711e+001  3.0068406e+002
  6.2507036e+001  5.0263872e+001  2.7134631e+002
  1.0247919e+001  7.8289978e+001  4.2435198e+002
  1.6792162e+002  4.0498646e+001  2.1843087e+002
  1.1561674e+002  4.9777333e+001  2.7154074e+002
  1.3053282e+002  6.1978026e+001  2.9473209e+002
  1.3540103e+002  4.7132447e+001  2.0607214e+002
  1.0523543e+002  2.3661736e+001  1.3366261e+002
  5.9291807e+000  5.3130502e+001  2.9112238e+002
  1.3657793e+002  3.5830042e+001  1.5812459e+002
  7.0532076e+000  6.4949584e+001  3.5504407e+002
  1.3619353e+002  5.3513542e+001  2.3975098e+002
  8.6125405e+001  2.8550559e+001  1.7112081e+002
  1.5789271e+002  4.2596665e+001  2.1738172e+002
  1.6738007e+001  3.0918828e+001  1.6493780e+002
  1.6398032e+001  2.2977914e+001  1.2298832e+002
  7.7993816e+001  5.4664333e+001  2.9265175e+002
  6.6420554e+001  5.2887967e+001  2.8595374e+002
  6.2326929e+001  6.5265475e+001  3.9257589e+002
  1.6117623e+002  7.0105294e+001  3.6588501e+002
  3.0040330e+001  5.6588109e+001  2.7669453e+002
  1.2250192e+002  3.5777842e+001  1.6377749e+002
  9.7358098e+001  2.0020488e+001  1.0647423e+002
  1.3425748e+002  6.7797481e+001  3.1436293e+002
  2.9321802e+001  5.5560005e+001  2.7202875e+002
  1.4419364e+002  5.6618422e+001  2.6553226e+002
  1.4889764e+002  3.2221933e+001  1.5385163e+002
  1.7214204e+002  4.5758149e+001  2.5194809e+002
  8.0218118e+001  3.5637421e+001  1.9824291e+002
  1.7734260e+002  5.7915848e+001  3.2053187e+002
  1.0208599e+002  5.7085474e+001  3.3902580e+002
  1.1735949e+002  3.3705939e+001  1.8472480e+002
  1.0856814e+002  5.4793098e+001  3.0767411e+002
  8.1337430e+001  6.7402721e+001  3.9133273e+002
  1.5796331e+002  2.5669314e+001  1.3106468e+002
  8.0017589e+001  7.7386073e+001  4.2130159e+002
  1.4127383e+002  7.0874631e+001  3.2842969e+002
  1.3449545e+002  7.4511554e+001  3.5625660e+002
  6.5565928e+000  7.8557451e+001  4.2988632e+002
  6.1197517e+001  6.9628539e+001  3.3281907e+002
  4.2816383e+001  2.5543907e+001  1.2242208e+002
  5.2233402e+001  5.9401640e+001  2.8149906e+002
  1.0648504e+002  3.7964023e+001  2.1012766e+002
  1.7535447e+002  5.0590367e+001  2.8210061e+002
  9.9145957e+001  3.7015725e+001  2.0735344e+002
  1.2507718e+002  4.9394910e+001  2.7651265e+002
  1.6127183e+002  2.0967188e+001  1.0937461e+002
  1.3207912e+002  6.1203201e+001  3.0711811e+002
  5.4700243e+000  4.7704270e+001  2.6157084e+002
  7.2419376e+001  6.2151801e+001  3.4746656e+002
  2.9218445e+001  5.2582699e+001  2.5389864e+002
  1.3985872e+002  6.1802891e+001  2.8357958e+002
  1.5744387e+001  2.0185442e+001  1.0727128e+002
  8.5251230e+001  4.7023289e+001  2.7759575e+002
  1.5991037e+002  2.4042999e+001  1.2437740e+002
  1.0590596e+002  5.6444947e+001  3.0895099e+002
  1.0533269e+002  5.5605234e+001  2.8832953e+002
  1.4516402e+002  3.9288384e+001  1.6354470e+002
  4.9732215e+000  7.1575607e+001  4.1216230e+002
  1.0483766e+002  3.6730334e+001  2.0337828e+002
  4.8421909e+001  5.6985280e+001  2.7551309e+002
  6.8928838e+001  3.2796223e+001  1.9511322e+002
  1.1634229e+002  7.7576557e+001  4.4192970e+002
  9.8100880e+001  2.7956884e+001  1.5514412e+002
  2.3811359e+001  2.7526398e+001  1.3966250e+002
  4.3177945e+001  4.5197622e+001  2.1939278e+002
  1.2306762e+001  3.7369092e+001  2.0207332e+002
  1.2586429e+002  6.0094959e+001  2.8617507e+002
  1.6847560e+002  4.9870299e+001  2.6925617e+002
  7.0125662e+001  6.9557929e+001  3.9826106e+002
  6.0812022e+001  4.5887723e+001  2.2167051e+002
  1.3079468e+002  6.9965255e+001  3.2915650e+002
  7.5269245e+001  2.0059965e+001  1.1641109e+002
  1.2246330e+002  7.4264342e+001  3.9772070e+002
  2.5499336e+001  6.4329395e+001  3.1981760e+002
  1.6394440e+002  3.9158095e+001  2.0737858e+002
  6.8425738e+001  2.7131197e+001  1.4717066e+002
  8.3001794e+001  6.8365759e+001  4.0360755e+002
  9.1791547e+001  7.4506302e+001  4.4138907e+002
  6.8328951e+001  6.8679045e+001  3.4391659e+002
  8.9002143e+001  5.3651404e+001  2.8389090e+002
  9.3585028e+001  3.2215543e+001  1.6638211e+002
  4.6793750e+001  3.4454288e+001  1.6399556e+002
  7.2425444e+001  3.8484615e+001  2.2436863e+002
  8.8131490e+001  5.3899766e+001  3.0079313e+002
  5.6115891e+001  4.6564399e+001  2.1565679e+002
  1.7418652e+002  3.8264215e+001  2.0969634e+002
  1.0086000e+002  3.4516210e+001  1.9698454e+002
  9.7539914e+000  3.4831991e+001  1.8919837e+002
  1.0819752e+000  3.6511790e+001  2.0112983e+002
  8.5267935e+001  2.0827673e+001  1.1371770e+002
  1.3290777e+002  4.3425850e+001  1.9837832e+002
  1.0343098e+002  4.0077163e+001  2.1851190e+002
  1.1687676e+001  4.2875966e+001  2.3148320e+002
  5.1560256e+001  2.9492587e+001  1.4491618e+002
  1.2376426e+002  3.8571499e+001  1.7499764e+002
  1.0199170e+002  6.6978092e+001  3.3887419e+002
  9.6885060e+001  6.8244156e+001  3.5546830e+002
  6.5381152e+001  5.8074769e+001  3.0877505e+002
  1.3825042e+002  5.2358635e+001  2.3742904e+002
  1.6226921e+002  4.2460736e+001  2.2277458e+002
  1.6255757e+002  3.0013382e+001  1.5772138e+002
  1.2327548e+002  4.8854020e+001  2.3504709e+002
  1.2754587e+002  4.8355850e+001  2.2977524e+002
  9.3980484e+000  4.3943999e+001  2.3880689e+002
  1.7826862e+002  5.9410789e+001  3.2709330e+002
  4.3431410e+001  3.5771648e+001  1.6827611e+002
  1.5259654e+002  4.1349687e+001  2.0388764e+002
  1.4826666e+002  5.6341584e+001  2.6635010e+002
  1.0917670e+002  5.5067890e+001  3.1531110e+002
  7.5914367e+001  7.1783899e+001  3.9756039e+002
  5.3851474e+001  6.0269062e+001  2.9517695e+002
  6.2624824e+001  7.1498701e+001  3.8781783e+002
  5.3551471e+001  3.4739998e+001  1.7600780e+002
  1.1402191e+002  4.1666776e+001  2.3081562e+002
  6.7804055e+001  6.1170896e+001  3.3270965e+002
  1.6283043e+002  6.9971889e+001  3.6977049e+002
  1.5105231e+002  6.7492356e+001  3.2532900e+002
  1.5232111e+002  6.8991618e+001  3.3730813e+002
  1.7692929e+002  3.1948063e+001  1.7573806e+002
  9.5939916e+001  3.9127458e+001  2.3183372e+002
  1.4513267e+002  7.7988319e+001  3.5834624e+002
  4.3855235e+001  4.6964251e+001  2.1668256e+002
  1.5282855e+001  4.3748260e+001  2.3628623e+002
  1.2964723e+002  5.6092556e+001  2.5312050e+002
  1.3988636e+002  4.0545284e+001  1.8499703e+002
  3.8477433e+001  6.1486194e+001  2.7499756e+002
  2.7241301e+001  4.0959173e+001  2.0165622e+002
  9.5540065e+001  6.8319229e+001  3.7964803e+002
  1.5522106e+002  5.1504385e+001  2.5758022e+002
  1.5216310e+002  7.4548341e+001  3.7355369e+002
  3.1341217e+001  7.6659877e+001  3.7536368e+002
  2.3643663e+001  7.0040699e+001  3.6284653e+002
  1.5807932e+001  2.3180003e+001  1.2344570e+002
  1.6798124e+002  2.2356065e+001  1.1990928e+002
  1.6683472e+002  6.6950947e+001  3.6152844e+002
  4.6772400e+001  7.1452629e+001  3.3617541e+002
  1.2439204e+002  6.3933019e+001  3.4218270e+002
  1.1911229e+002  2.5615793e+001  1.4286705e+002
  5.9632136e+001  3.3521615e+001  1.9317894e+002
  3.3198141e+001  2.3027300e+001  1.2898182e+002
  2.9925276e+001  4.2410572e+001  2.0270777e+002
  1.7492977e+001  6.8865588e+001  3.6552390e+002
  1.5151978e+002  6.9733625e+001  3.3763137e+002
  1.1752482e+002  6.5941888e+001  3.5576534e+002
  1.0783461e+002  2.0609756e+001  1.0529158e+002
  2.4025498e+001  3.7518605e+001  1.8886683e+002
  1.2946751e+002  5.7654909e+001  2.6700480e+002
  8.3663642e+001  4.9204353e+001  2.8194397e+002
  9.1914049e+001  5.2049649e+001  2.7662916e+002
  8.3936200e+001  4.4349723e+001  2.4793860e+002
  1.7971682e+002  7.8214734e+001  4.3123561e+002
  6.8632021e+001  4.5133068e+001  2.4676265e+002
  1.5901897e+002  2.9892215e+001  1.5373300e+002
  1.5131457e+002  5.5112020e+001  2.7134766e+002
  1.6436749e+002  5.6094788e+001  2.9816128e+002
  2.0640318e+001  2.0982240e+001  1.1011673e+002
  8.0419343e+001  5.0854284e+001  2.8474357e+002
  1.5238907e+002  7.4034337e+001  3.6311551e+002
  3.8837025e+001  4.4151814e+001  1.9760795e+002
  1.2254741e+002  5.7588465e+001  2.7890037e+002
  3.8890187e+001  6.6058170e+001  2.9837073e+002
  7.0401386e+001  6.3084071e+001  3.8271264e+002
  6.8182574e+001  2.4245315e+001  1.2275467e+002
  1.0926919e+001  6.7458539e+001  3.6484007e+002
  8.7812107e+000  4.9906725e+001  2.7379058e+002
  8.8400475e+001  5.9106611e+001  3.4520157e+002
  1.7538864e+002  2.2217973e+001  1.2558188e+002
  1.6795289e+001  2.1611623e+001  1.1436226e+002
  6.0853475e+001  6.9787282e+001  3.4922611e+002
  9.6196503e+001  3.5222981e+001  2.0156564e+002
  1.0875217e+002  4.4385932e+001  2.3232700e+002
  1.5706421e+002  2.5543796e+001  1.2964521e+002
  4.8633383e+001  7.0008019e+001  3.1643619e+002
  1.1250360e+002  4.3911030e+001  2.3314189e+002
  1.5456408e+001  6.1939121e+001  3.2883030e+002
  2.4387687e+001  6.6883521e+001  3.4103729e+002
  3.4358880e+001  6.6885820e+001  3.1734559e+002
  1.4803233e+002  3.3720987e+001  1.5849978e+002
  8.0620136e+001  6.3725845e+001  3.4697355e+002
  1.3542013e+002  5.3471461e+001  2.6102526e+002
  1.4576204e+002  6.4762494e+001  3.1974717e+002
  5.3310928e+001  5.1339975e+001  2.3621671e+002
  8.1711494e+000  3.4806735e+001  1.8978651e+002
  9.8575694e+001  4.6352225e+001  2.8437368e+002
  4.3240881e+001  5.5820400e+001  2.7926696e+002
  1.6887049e+002  6.9101593e+001  3.8165437e+002
  3.2794605e+001  6.9566117e+001  3.3397670e+002
  9.7238716e+001  4.5471366e+001  2.7573990e+002
  3.4999397e+001  6.7082569e+001  3.0807827e+002
  1.6739137e+002  3.7777632e+001  2.0307725e+002
  1.1713481e+002  4.3033069e+001  2.1850233e+002
  1.3722849e+001  4.1594574e+001  2.2630582e+002
  1.5536426e+002  5.6543270e+001  2.8309912e+002
  8.8652120e+001  6.2083714e+001  3.5976112e+002
  1.3065656e+002  3.7521193e+001  1.7342714e+002
  9.2822212e+001  6.1673336e+001  3.7119895e+002
  1.4217256e+002  5.8155609e+001  2.5685985e+002
  1.3648478e+002  6.4425532e+001  3.0065453e+002
  6.2100609e+001  3.5004484e+001  1.7378795e+002
  4.1325371e+001  5.3265517e+001  2.4846837e+002
  1.7170387e+002  5.8221368e+001  3.1452139e+002
  7.7922959e+001  4.7545784e+001  2.6794785e+002
  1.1083053e+002  3.4740571e+001  2.0312137e+002
  6.4329875e+001  5.2801522e+001  2.9079854e+002
  1.4186037e+002  5.2476108e+001  2.4379520e+002
  9.9527168e+001  6.2962241e+001  3.5994360e+002
  5.1765130e+001  4.1702983e+001  2.1158387e+002
  1.5262419e+002  3.5539433e+001  1.7383355e+002
  5.8930538e+001  4.4514786e+001  2.2895892e+002
  8.5925303e+001  5.1402648e+001  2.9192879e+002
  9.7489149e+001  5.8030126e+001  3.1947098e+002
  1.2980814e+002  4.5322446e+001  1.9908193e+002
  1.6984699e+002  3.1236208e+001  1.6949453e+002
  8.1582267e+001  2.7492632e+001  1.6221560e+002
  5.3127374e+000  5.7550687e+001  3.1744474e+002
  3.4094407e+001  6.7644609e+001  3.1713891e+002
  1.7326050e+002  5.5249286e+001  3.1159187e+002
  1.0774130e+002  3.7784033e+001  1.9973505e+002
  9.7886910e+000  5.3940786e+001  2.9320703e+002
  1.6679171e+002  4.6760091e+001  2.5199672e+002
  1.2726508e+002  5.0979979e+001  2.4256841e+002
  1.1526244e+002  3.9445795e+001  1.8911210e+002
  2.4374520e+001  4.0014897e+001  2.0158048e+002
  9.6806255e+001  4.6610555e+001  2.9597734e+002
  6.2706312e+001  7.3987900e+001  3.9676639e+002
  1.4136752e+002  3.8788850e+001  1.7457415e+002
  2.5643584e+001  2.0200074e+001  1.0339207e+002
  1.5965309e+002  3.9141628e+001  2.0215775e+002
  1.4217235e+002  4.6564423e+001  2.1118064e+002
  2.2297952e+001  7.7280595e+001  3.9564305e+002
  1.5311686e+002  4.2570788e+001  2.0914485e+002
  1.1241542e+002  7.2812049e+001  3.9234377e+002
  3.2975203e+001  3.8881938e+001  1.8383874e+002
  1.4704149e+001  3.1106469e+001  1.6633055e+002
  5.3175619e+001  5.3323407e+001  2.6606890e+002
  3.9280611e+001  7.3971284e+001  3.3512088e+002
  5.2569338e+001  4.3143708e+001  2.1200472e+002
  1.5159567e+002  5.4791556e+001  2.7297057e+002
  9.6717854e+001  3.3841721e+001  2.0056961e+002
  1.7128919e+002  3.6527665e+001  2.0010489e+002
  1.1913443e+002  5.6832671e+001  2.8550205e+002
  5.2480048e+000  6.8284341e+001  3.8610672e+002
  1.6547057e+002  7.6850759e+001  4.0977541e+002
  1.5770616e+002  2.4758135e+001  1.2676479e+002
  1.0059766e+002  5.7029210e+001  2.9321842e+002
  1.6470252e+002  5.9285129e+001  3.1502340e+002
  4.4395582e+001  5.1570854e+001  2.4035130e+002
  3.1330955e+001  5.8480482e+001  2.9462173e+002
  1.7823102e+001  4.7826574e+001  2.5299005e+002
  8.1229350e+001  6.8635427e+001  3.9209969e+002
  6.9379589e+001  5.2078475e+001  2.7588303e+002
  1.1754338e+002  7.8693442e+001  4.1760780e+002
  6.9149370e+001  4.4724397e+001  2.3630818e+002
  1.7459373e+002  5.2183148e+001  2.8616259e+002
  1.5708320e+002  6.3600160e+001  3.2347926e+002
  2.7198950e+001  6.3941945e+001  3.1327432e+002
  1.6995786e+002  7.5649646e+001  4.1357614e+002
  1.0924270e+001  7.3588895e+001  4.0282337e+002
  6.4904897e+001  2.7690881e+001  1.5066069e+002
  1.1356286e+002  4.0111844e+001  2.3148943e+002
  1.6835848e+002  4.1042385e+001  2.3077802e+002
  6.0127660e+001  6.3569491e+001  3.1420150e+002
  7.2479175e+001  6.5680156e+001  3.9188296e+002
  1.0741706e+002  6.2345783e+001  3.7926171e+002
  1.5932109e+002  5.8400355e+001  3.0096005e+002
  1.2483227e+002  6.3155017e+001  3.1215311e+002
  1.0637351e+002  4.6528429e+001  2.4865208e+002
  8.6552344e-001  5.6551220e+001  3.1871840e+002
  1.2262607e+002  6.6006202e+001  3.0629103e+002
  3.3875519e+001  3.9898628e+001  2.0254142e+002
  3.7785122e+000  7.1872955e+001  3.9674563e+002
  8.1280737e+001  2.5217639e+001  1.4280115e+002
  8.2868549e+001  6.9050965e+001  3.9844300e+002
  1.7099779e+002  3.5132852e+001  1.9115331e+002
  1.1299726e+002  5.2019884e+001  2.8515578e+002
  9.9662189e+001  4.0022265e+001  2.2894893e+002
  1.6374613e+002  5.1753617e+001  2.7367132e+002
  6.6475472e+001  7.0130452e+001  3.8360096e+002
  6.0092475e+001  7.2425364e+001  3.5046050e+002
  1.0855345e+002  3.9884685e+001  2.1879371e+002
  1.6148764e+002  5.3759930e+001  2.8080634e+002
  1.6830220e+002  7.0583672e+001  3.3978258e+002
  1.1873656e+002  6.5457903e+001  3.6047037e+002
  6.5898214e+001  7.3410691e+001  4.0088289e+002
  1.2438339e+002  5.5680367e+001  2.9849035e+002
  6.2051102e+001  7.2280693e+001  3.8227393e+002
  1.1085268e+002  7.7570032e+001  4.1293566e+002
  5.3154403e+001  6.0169736e+001  2.9545025e+002
  1.0595258e+002  6.1894782e+001  3.3889754e+002
  1.6770650e+002  6.2364887e+001  3.3566477e+002
  1.6929110e+002  2.3605736e+001  1.2776139e+002
  1.1838670e+002  6.1239968e+001  3.1229395e+002
  4.1386327e+001  4.9567192e+001  2.4907664e+002
  9.8345502e+001  2.6152247e+001  1.4434317e+002
  1.5817164e+002  5.0193808e+001  2.5665160e+002
  1.1629411e+002  3.8666411e+001  1.9905566e+002
  1.4082838e+001  3.7522588e+001  2.0050459e+002
  8.9417637e+001  3.3135457e+001  1.7838108e+002
  4.6700022e+001  4.6906595e+001  2.2004352e+002
  2.5944164e+001  3.3227021e+001  1.7240785e+002
  8.6361159e+001  7.6079453e+001  4.5665909e+002
  1.6923263e+002  7.6027512e+001  4.3333310e+002
  8.3142021e+001  5.2257285e+001  2.9324709e+002
  5.3959583e+001  6.9245982e+001  3.2607203e+002
  5.2666684e+001  4.7718335e+001  2.1989197e+002
  1.6221873e+002  3.9839032e+001  2.1282320e+002
  2.1169101e+001  2.1998816e+001  1.1338668e+002
  6.2607824e+001  4.6009538e+001  2.3228078e+002
  1.0451132e+002  4.8968590e+001  2.6493129e+002
  1.4649734e+001  7.4172329e+001  3.9574153e+002
  5.4193415e+001  7.2313134e+001  3.4443520e+002
  4.5111933e+000  4.6057110e+001  2.5371387e+002
  1.2578218e+002  4.1929855e+001  2.2143733e+002
  2.8601606e+001  2.9650720e+001  1.5028834e+002
  1.2932271e+002  4.1629172e+001  2.0534641e+002
  7.5921447e+001  2.9459550e+001  1.6411644e+002
  8.1553035e+001  7.0200249e+001  4.2856288e+002
  1.1685722e+001  2.8097055e+001  1.5762712e+002
  5.8620169e+001  4.6287401e+001  2.2146896e+002
  1.2393986e+002  6.9374681e+001  3.3841290e+002
  4.8182434e+001  5.9952633e+001  2.8098440e+002
  6.4533518e+001  6.0493668e+001  2.9835267e+002
  4.2424805e+001  4.4677618e+001  2.0273503e+002
  1.5006660e+002  3.1078227e+001  1.4912864e+002
  2.3036879e+001  4.9253177e+001  2.4971139e+002
  6.7697855e+001  4.2181378e+001  2.2896862e+002
  6.8879926e+000  5.6307107e+001  3.1225509e+002
  1.7516395e+002  3.8730535e+001  2.1972166e+002
  6.3505946e+001  7.2250078e+001  3.9234931e+002
  3.5935251e+001  2.6695422e+001  1.3464005e+002
  1.1807067e+002  7.1655128e+001  3.8071055e+002
  1.0228655e+002  7.6211645e+001  4.4308401e+002
  5.8641271e+001  6.0320935e+001  3.1396785e+002
  3.4042527e+001  6.8402961e+001  3.1523693e+002
  1.4839141e+002  3.7117204e+001  1.7705339e+002
  1.0082540e+002  7.0170052e+001  3.8257405e+002
  1.6844639e+002  5.9930913e+001  3.2342192e+002
  1.2118616e+002  6.7019446e+001  3.4557613e+002
  1.3163284e+002  3.0223550e+001  1.3538778e+002
  6.9780777e+001  2.1433128e+001  1.3465311e+002
  1.2643363e+002  6.8607771e+001  3.3730239e+002
  1.2594890e+002  6.3295828e+001  2.8576604e+002
  5.8477409e+001  6.5556809e+001  3.6140391e+002
  9.6066406e+001  5.5280805e+001  3.0382399e+002
  1.0715273e+002  6.1682399e+001  3.3088450e+002
  1.1455988e+002  7.5837729e+001  3.9461773e+002
  9.2534579e+001  2.7461243e+001  1.5480970e+002
  1.4166662e+002  2.3234291e+001  1.0292298e+002
  1.4189112e+002  7.1481522e+001  3.3164360e+002
  8.9317902e+001  7.2254043e+001  4.2318666e+002
  8.4317837e+001  6.7580134e+001  3.6107268e+002
  1.1403835e+002  2.1570554e+001  1.1244771e+002
  1.8243578e+001  7.0758634e+001  3.7411900e+002
  1.7029806e+001  3.2414425e+001  1.7072252e+002
  3.9182519e+001  3.1977371e+001  1.4859610e+002
  1.1991267e+002  2.2828757e+001  1.3512030e+002
  1.3792520e+001  2.6866377e+001  1.4377618e+002
  1.2172814e+002  3.4800767e+001  1.6658432e+002
  5.2610276e+001  5.7989022e+001  2.9562240e+002
  1.6813411e+002  6.2211715e+001  3.4345009e+002
  1.0215212e+002  6.5789962e+001  3.9603058e+002
  1.2020404e+002  6.0401811e+001  3.2285164e+002
  3.5901530e+001  7.5848168e+001  3.5252744e+002
  1.4540602e+002  5.1664773e+001  2.4523895e+002
  1.6774861e+002  5.8705875e+001  3.1600034e+002
  1.7172247e+002  3.6503576e+001  1.9970552e+002
  6.8317893e+001  4.7760254e+001  2.4039708e+002
  1.5802229e+002  6.1033587e+001  3.1732009e+002
  9.2440383e+001  6.8758183e+001  3.8124334e+002
  4.9713138e+001  5.3002486e+001  2.5200153e+002
  1.1477538e+000  6.7877732e+001  3.7396964e+002
  1.3436787e+002  5.8228140e+001  2.5641630e+002
  1.1487902e+002  7.7066303e+001  4.0382941e+002
  3.0252618e+001  3.8187388e+001  1.8270101e+002
  5.6123606e+001  7.4270781e+001  3.4791667e+002
  6.2377012e+001  4.6854784e+001  2.4625475e+002
  9.0342871e+001  4.1040977e+001  2.3524923e+002
  7.5954473e+001  3.6496402e+001  1.8893036e+002
  1.2053429e+002  6.3217951e+001  3.3379222e+002
  6.1766292e+001  7.7597989e+001  4.0606295e+002
  6.0070546e+001  7.4651068e+001  4.2583237e+002
  1.6401464e+002  5.1619402e+001  2.7333230e+002
  1.3446319e+002  5.7332657e+001  2.5871468e+002
  1.9556329e+001  4.8391616e+001  2.5117629e+002
  5.8503938e+001  5.0466119e+001  2.3741893e+002
  1.0220257e+002  4.5666338e+001  2.4640297e+002
  1.2807612e+002  2.1798894e+001  1.0188215e+002
  8.6710175e+001  7.1534238e+001  4.0175145e+002
  1.1690152e+002  7.7956010e+001  4.1497175e+002
  1.9402623e+001  4.2660223e+001  2.2537218e+002
  3.9220418e+001  4.3977930e+001  2.2324403e+002
  2.2812962e+001  4.1071702e+001  2.0912801e+002
  1.0418011e+002  7.6541650e+001  4.0280952e+002
  6.1913464e+001  3.9061381e+001  2.0385145e+002
  5.7736272e+001  3.8181894e+001  1.9285252e+002
  2.3782622e+001  5.5942648e+001  2.8558314e+002
  8.9443219e+001  7.4973305e+001  4.2993294e+002
  1.6285501e+002  3.9224643e+001  2.0645707e+002
  2.7078431e+001  3.0067054e+001  1.4785903e+002
  1.1257275e+002  3.4685973e+001  1.7990265e+002
  1.2855555e+000  6.5533185e+001  3.6149887e+002
  1.7829528e+002  7.8042785e+001  4.3049162e+002
  1.6113451e+002  7.3619194e+001  3.8372856e+002
  8.0424972e+001  5.6863356e+001  3.0813729e+002
  1.7204081e+001  6.1725473e+001  3.2875425e+002
  7.7327422e-001  5.9609452e+001  3.2856267e+002
  1.1578079e+002  3.3329319e+001  1.7026517e+002
  1.5875308e+002  3.2074391e+001  1.6466542e+002
  1.4514959e+002  5.7700555e+001  2.7634075e+002
  8.7367044e+001  5.0125242e+001  2.8489122e+002
  1.0829001e+002  2.1185639e+001  1.1303138e+002
  1.3249104e+001  2.3508695e+001  1.2809767e+002
  4.1157359e+001  2.0354260e+001  9.1323240e+001
  1.6091664e+002  5.0049159e+001  2.6055407e+002
  7.1725502e+000  6.9227942e+001  3.7307312e+002
  8.3033204e+001  3.9212580e+001  2.3151983e+002
  1.2755419e+002  3.8696371e+001  1.8175438e+002
  1.7028008e+001  3.1608105e+001  1.6730039e+002
  1.7531175e+002  4.4775839e+001  2.4711854e+002
  6.0231538e+001  7.9257121e+001  3.8093613e+002
  1.6452973e+002  5.1234762e+001  2.7199637e+002
  1.1345919e+002  2.7638078e+001  1.3679652e+002
  1.5776570e+002  3.0601727e+001  1.5621439e+002
  8.0053851e-001  5.2198890e+001  2.9370129e+002
  2.0932312e+001  4.2399070e+001  2.1662792e+002
  8.7357520e+001  5.8753027e+001  3.4638043e+002
  1.3578820e+002  2.9631619e+001  1.3269724e+002
  1.1630259e+002  3.0017150e+001  1.4715817e+002
  1.2028110e+002  4.6706194e+001  2.7404678e+002
  1.5656937e+002  7.9833113e+001  4.1943880e+002
  9.0677614e+001  6.2795176e+001  3.6560625e+002
  7.4727304e+001  7.5146186e+001  4.2736312e+002
  1.6024849e+002  2.5878675e+001  1.3415973e+002
  1.4119945e+002  5.2806194e+001  2.4359025e+002
  7.6508953e+001  5.0405097e+001  2.9245029e+002
  1.2676292e+002  3.1610988e+001  1.5221793e+002
  4.0434701e+001  7.6720927e+001  3.4455471e+002
  3.1373269e+001  7.3304030e+001  3.4777906e+002
  5.7190765e-001  7.4768219e+001  4.1181624e+002
  4.2781139e+001  6.1527214e+001  2.8406750e+002
  8.8445687e+001  4.6737436e+001  2.7638798e+002
  8.6417036e+001  5.0935437e+001  2.8647828e+002
  1.0508079e+002  5.8795536e+001  3.2032217e+002
  9.6311042e+001  7.7690513e+001  4.5303973e+002
  9.1821466e+001  4.6775918e+001  2.5826531e+002
  3.9219525e+001  7.6662841e+001  3.5149766e+002
  1.4912471e+002  7.7909117e+001  3.6833478e+002
  9.5140231e+001  7.1567025e+001  4.3889376e+002
  1.5671683e+002  2.3339405e+001  1.1809285e+002
  9.7737723e+001  4.6607105e+001  2.6399925e+002
  9.0639754e+001  6.5278347e+001  3.8225759e+002
  4.0781806e+001  7.3910230e+001  3.5759714e+002
  1.6367469e+002  7.9660387e+001  4.3031083e+002
  1.3460720e+002  5.2078809e+001  2.3280715e+002
  6.0014804e+000  2.4887141e+001  1.3656422e+002
  8.7937292e+001  4.9109073e+001  2.8439056e+002
  1.3234322e+002  2.4678117e+001  1.1815172e+002
  1.2584702e+002  5.7127192e+001  2.7920058e+002
  5.8795380e+001  7.1667488e+001  3.9646735e+002
  9.6319347e+001  6.0220759e+001  3.4342683e+002
  1.5920206e+002  3.0310174e+001  1.5607659e+002
  1.0703998e+002  4.4902548e+001  2.6018269e+002
  2.2835180e+001  2.0065318e+001  1.0298183e+002
  6.6957116e+001  7.0685398e+001  3.7283266e+002
  2.9308597e+000  3.7544621e+001  2.0794470e+002
  1.6797447e+001  7.2558372e+001  3.8261348e+002
  1.1988907e+002  5.1803967e+001  2.6481056e+002
  1.5772584e+002  7.7707695e+001  4.1499634e+002
  1.4941389e+002  3.5838289e+001  1.7009668e+002
  1.3564466e+002  5.8168341e+001  2.6025719e+002
  1.9249443e+001  3.3626697e+001  1.7523876e+002
  1.3119100e+001  7.9830760e+001  4.2825961e+002
  1.3369420e+002  3.9265596e+001  1.7838472e+002
  8.9256900e+001  2.0406916e+001  1.0760539e+002
  6.8012631e+001  6.8363995e+001  3.4610969e+002
  6.4918171e+001  2.9953467e+001  1.7000644e+002
  5.4983196e+001  7.7568957e+001  3.9822317e+002
  1.0734045e+002  5.3025613e+001  3.0016945e+002
  1.1500627e+002  5.6320615e+001  3.4845807e+002
  1.4606114e+002  5.7942132e+001  2.6646747e+002
  9.3669515e+001  7.9737871e+001  4.4861880e+002
  7.4726223e+001  5.3590242e+001  2.8156406e+002
  8.6641626e+001  7.0298204e+001  4.2734889e+002
  1.4177264e+002  5.9542310e+001  2.7840076e+002
  1.1471815e+002  2.5625319e+001  1.2649535e+002
  7.1535749e+001  7.0635687e+001  4.1021615e+002
  5.8037558e+001  2.1603372e+001  1.0933850e+002
  1.7932833e+002  3.6170001e+001  1.9921970e+002
  5.5767756e+001  2.9751350e+001  1.5840622e+002
  6.2048608e+001  6.5850602e+001  3.3059984e+002
  1.3098054e+002  7.8879327e+001  3.8145972e+002
  8.3103209e+001  3.9437105e+001  2.3092453e+002
  3.5036715e+001  7.4134056e+001  3.4499587e+002
  1.2048692e+002  2.2176583e+001  1.1674836e+002
  8.2718015e+000  7.7490532e+001  4.2240535e+002
  8.6838487e+001  4.1504023e+001  2.2337344e+002
  1.7043902e+002  6.6009526e+001  3.6074062e+002
  1.4816977e+002  3.0246019e+001  1.4275573e+002
  1.3964624e+002  6.7658378e+001  3.2912479e+002
  9.3757484e+001  2.6271327e+001  1.4498054e+002
  3.7942570e+001  4.5702821e+001  2.1118027e+002
  9.3570649e+001  2.4573767e+001  1.4311479e+002
  2.3218747e+001  4.0213150e+001  2.0356553e+002
  6.7328244e+001  2.8171028e+001  1.5592266e+002
  1.3062173e+002  4.4262352e+001  2.3700566e+002
  5.7868543e+001  5.3075441e+001  2.6173591e+002
  1.4262759e+002  4.9272317e+001  2.3888912e+002
  1.5286904e+002  4.1064260e+001  2.0153345e+002
  1.6225567e+002  2.9062972e+001  1.5513373e+002
  1.0209927e+002  6.6805744e+001  3.7183265e+002
  5.1896850e+001  7.4828849e+001  3.5559128e+002
  1.4205231e+002  3.8816088e+001  1.8353493e+002
  1.7476084e+002  6.7470396e+001  3.7623959e+002
  7.0339827e+001  7.6105039e+001  4.2223469e+002
  7.7085173e+001  3.4374583e+001  1.9882287e+002
  4.9575477e+001  4.9948216e+001  2.3645984e+002
  1.5848680e+002  4.0295803e+001  2.0649830e+002
  2.9316225e+001  2.0329635e+001  9.8264997e+001
  1.3777844e+002  5.3273825e+001  2.4012009e+002
  1.3358691e+002  6.6652630e+001  2.9585886e+002
  8.6720595e+001  5.0903324e+001  2.8787580e+002
  1.4967668e+002  7.4369822e+001  3.4742252e+002
  1.3427846e+002  3.9518601e+001  2.0561796e+002
  1.3180825e+001  3.7037434e+001  1.9864021e+002
  1.1330716e+002  3.5890916e+001  1.9044762e+002
  1.3708764e+002  2.7969301e+001  1.2827046e+002
  1.1745021e+002  5.9270742e+001  2.9396966e+002
  1.2520299e+002  7.1044206e+001  3.7893234e+002
  1.3434641e+002  5.6734633e+001  2.5041836e+002
  3.6943035e+001  4.2194489e+001  1.9702932e+002
  9.0891934e+001  6.5185278e+001  3.7852609e+002
  1.6530629e+002  6.5889973e+001  3.5106136e+002
  1.0359300e+002  2.7081439e+001  1.4304235e+002
  6.4779700e+001  3.2709441e+001  1.8407131e+002
  7.1282811e+001  7.6886134e+001  4.3545087e+002
  2.0316408e+001  5.1454095e+001  2.6835998e+002
  1.6634336e+002  5.1855662e+001  2.8331059e+002
  2.9091595e+001  2.7042429e+001  1.3032983e+002
  1.4391847e+001  3.5622151e+001  1.9131943e+002
  1.3298826e+002  2.4961493e+001  1.2040898e+002
  1.0355962e+001  5.9275383e+001  3.2583355e+002
  3.2625220e+001  4.3600723e+001  2.0440481e+002
  1.2388407e+002  7.7770473e+001  3.9793927e+002
  1.7893948e+002  7.1896201e+001  4.0767771e+002
  2.7943438e+001  7.0025452e+001  3.4078724e+002
  1.4064180e+002  3.6880209e+001  1.6828231e+002
  1.2914432e+001  6.1513821e+001  3.3028822e+002
  1.2278654e+002  5.7924903e+001  2.9457539e+002
  7.0272336e+001  2.4991715e+001  1.3677359e+002
  1.7967029e+002  5.2043500e+001  2.9841491e+002
  1.3163547e+002  6.0049891e+001  3.0143860e+002
  6.3976283e+001  6.0821931e+001  3.1246933e+002
  1.3910986e+002  6.3359917e+001  2.8171975e+002
  1.4729766e+002  5.4325997e+001  2.5491616e+002
  1.3762843e+002  5.4658357e+001  2.4153584e+002
  1.1498182e+002  4.2236357e+001  2.4469013e+002
  1.5008791e+002  6.5316347e+001  3.1540325e+002
  5.9677192e+001  5.2431567e+001  2.4804699e+002
  3.2189161e+001  4.1331499e+001  1.9431217e+002
  1.1898608e+002  4.5693460e+001  2.6360494e+002
  1.1812113e+002  7.1790816e+001  3.7084758e+002
  6.5036412e+001  4.9544942e+001  2.5906049e+002
  1.5787047e+002  4.7693143e+001  2.4334867e+002
  1.4948657e+002  3.5564482e+001  1.6877575e+002
  4.0647084e+001  2.2925924e+001  1.0699484e+002
  3.7689579e+001  2.7948478e+001  1.3231576e+002
  4.3191825e+001  4.1354859e+001  1.9524813e+002
  1.5779463e+002  6.8187061e+001  3.4821509e+002
  2.1690568e+001  6.0922701e+001  3.1240363e+002
  1.4004910e+002  2.9086379e+001  1.2819377e+002
  1.2989491e+002  6.2909072e+001  3.1050401e+002
  4.3276100e+001  3.7596727e+001  1.7808946e+002
