0.0046320781 -0.0025736552 -0.0017372987 0.0000000000 0.0000000000 0.0000000000  
-0.0025736552 0.0068254029 0.0057602543 0.0000000000 0.0000000000 0.0000000000  
-0.0017372987 0.0057602543 0.0135837557 0.0000000000 0.0000000000 0.0000000000  
-0.0290218761 0.0334968745 0.0438972823 0.0000000000 0.0000000000 0.0000000000  
-0.0116328555 -0.0061510343 -0.0264823078 0.0000000000 0.0000000000 0.0000000000  
-0.0047802137 -0.0206026875 -0.0678145865 0.0000000000 0.0000000000 0.0000000000  
5.5980184962 -0.9123003950 -0.1979806924 0.0000000000 0.0000000000 0.0000000000  
-0.9123003950 8.2734445623 2.3015330008 0.0000000000 0.0000000000 0.0000000000  
-0.1979806924 2.3015330008 10.9654249230 0.0000000000 0.0000000000 0.0000000000  
-0.7359714844 -1.8084921958 14.2619352748 0.0000000000 0.0000000000 0.0000000000  
1.6295227634 -6.0021166067 9.1948125961 0.0000000000 0.0000000000 0.0000000000  
-2.9262656915 -1.4677375463 -11.2620382609 0.0000000000 0.0000000000 0.0000000000  
