26.9060804827 2.0431183340 1.2503452536 -1.1094636761  
-20.5797232516 -20.2051208213 7.8535905481 1.0984944112  
15.1906748423 -3.6956929161 -5.5874966317 -0.1051134627  
-14.2533646330 2.2537176924 2.9952692738 -0.7779464031  
5.3382139043 1.2277025774 2.3646211677 0.5990428654  
-10.4903628198 1.9760984990 4.9118396332 -5.2588878431  
-4.4407215429 6.2603453006 -2.9477526753 -3.0818412939  
-5.3833725281 -0.2599227717 -4.1753015429 2.8660610736  
-7.7959366598 1.7817755001 -5.7719870386 1.0162891215  
-3.1749669118 4.6052725159 -2.3381090631 5.1014069537  
6.8128036437 4.9463709005 -0.3741012652 0.6011718428  
-10.0333757699 -0.1282298409 -0.7691128603 -1.9375269345  
19.0541059214 -6.2618366457 3.1114864362 15.6907223584  
-1118.4159154738 -257.1937747432 -124.0954335420 -42.1022058977  
647.7321807194 726.1382908786 -300.8386202553 -5.5372043096  
-333.6628812071 123.7596485351 214.2087123361 36.0798339324  
251.0119398790 -75.0488177054 -118.0972884316 -5.4594143950  
5.2037181160 -12.1316226750 -87.7848092149 -15.3989518236  
347.4529959040 -57.8584758861 -182.2196298582 -28.7657264064  
143.8550653774 -228.7878922477 80.8357659014 -3.7033477568  
263.2439511059 27.9532142956 131.8397357054 -23.1260421751  
240.3239986394 -47.4602119259 186.4238886408 -25.6131173954  
76.3450909505 -116.2403275105 51.0377090009 -21.8933927982  
-46.3694512131 -127.8003303090 -1.4392094292 -62.6403984981  
292.4241032481 12.1815633528 20.3247892152 -13.0591467109  
-692.5040600369 146.8762953222 -66.2382868607 -84.8183677072  
