-16.0061592853 646.7716146002 19.5199847720 -93.0639386388 -495.7677329341 41.2485511806 -438.5736268889  
308.9273203870 420.8396450212 -23.6754419452 -204.9799833176 -165.3130857881 -33.3128513105 369.3448082795  
-19.7099052304 98.2204898427 -4.4715613497 -15.0932966212 173.2137754999 0.7178228267 125.2456207604  
-211.7904803737 -184.6093485349 16.7603112967 418.5256408174 167.4172842610 102.7765922253 488.6178013465  
143.7847343837 -485.5966563952 14.0610881417 88.3061501560 -183.9384254439 -21.5686051848 -460.8758273624  
96.7231149389 567.8180872477 -7.6416156137 72.0469094586 153.1071809427 2.4571409042 -31.8363016698  
-790.8782388418 80.0512445825 7.6559812163 -77.5216498246 -1.1357617495 -25.6212067960 -20.3797215240  
27.3142446218 -113.4714222533 6.7540650351 100.6904724581 -67.7135978391 -58.6355805135 -257.2497485495  
1206.0153923740 280.3779679560 -6.3724396331 53.6361138228 199.9926089207 -2.2772010259 -81.0056108026  
-165.1827676653 119.7191451013 -7.7831678611 316.0795375466 -300.5178665205 -14.3196779937 1.0581270780  
26.6534263201 -55.5508157809 50.3777123586 131.9266571898 7.4474058785 -55.1804574252 144.8806520695  
48.1108085154 168.3953115125 -12.1844655007 32.0274637096 -176.0334416175 -13.2494428136 -119.1376302550  
23.1436567726 5.7523869807 3.4143384813 -59.1813623704 -92.9494579534 -27.4860845630 27.0695673780  
187184.5700763307 -1268443.8132696627 -32676.2183028158 18414.5884490319 -524.6612314751 -88807.9462334352 1044073.8672277054  
-758567.2023022560 -984889.7526211311 54178.9601571861 495397.4920224145 1054.9647798997 78508.9437098995 -754701.9988780973  
-1337265.7590401622 195352.8436536347 9687.1791244980 -451392.1898601596 541.2578654836 -51303.8099766886 5909.9037004287  
274248.6583119924 398782.0246978196 -24495.0619144875 -1074873.0869460946 -1583.7565192264 -207847.8755525376 -1206286.1411466105  
-54262.0860930691 1083040.5486825402 -27004.6915656629 -235191.9336224721 -404.2924140126 56264.7575125655 1118641.3898967165  
-60741.5157534241 -1386068.6713192719 20058.6292731425 -125524.2869838607 -66.3945098567 -6410.4679927539 250258.6139501038  
1362038.6884994102 -194027.8282405720 -16323.7708816290 166427.6321939442 63.5423080399 44997.0151752675 39343.6581675737  
753088.2790858032 250484.4898699334 -13604.6615080089 -248938.5232112172 852.6314151947 104750.8079101493 442186.8608641957  
-2339875.8711481951 -554961.5642428058 12691.7427332678 -34572.7513123617 -510.6463843361 -191.0040562149 151257.5483797567  
393413.0543609158 -215430.8867947438 20835.5695932941 -490158.9670701028 2293.1728840990 12627.9856067763 -1259.3546459289  
221772.6448725475 112568.2870539124 -107074.7826060460 -314736.8924920149 -516.0338618596 140754.4019412299 -260170.4041836719  
477541.8307991147 -305848.1882429718 39515.8342585056 -41843.9636085896 -206.4573257396 22086.6446928667 215810.4973446093  
-94359.0061829695 6544.7185711854 -8532.0789021382 160387.9632021741 1187.8657229049 25443.0803931996 -50839.0752241627  
