2648168.8923061467 -396549.7775398285 2071056.8606174232 -87063.7404477598 1306879.1129698171 -393883.2717574434 571525.1671689155 6053.1484637125 -274612.9308236751 371368.6330176791 -36417.8727164555 -39532.9356647424 -37950.3355333571 0.0000000000 0.0000000000 0.0000000000 0.0000000000 0.0000000000 0.0000000000 0.0000000000 0.0000000000 0.0000000000 0.0000000000 0.0000000000 0.0000000000 0.0000000000  
-396549.7775398285 528654.9819466050 -222413.3721341976 -281347.6557766321 54264.2784866690 -207265.1178062456 14479.2394283600 -4809.4151232944 -255474.3049009794 -177168.7811268361 -17642.2399155500 9709.0765518085 -20937.8325837482 0.0000000000 0.0000000000 0.0000000000 0.0000000000 0.0000000000 0.0000000000 0.0000000000 0.0000000000 0.0000000000 0.0000000000 0.0000000000 0.0000000000 0.0000000000  
2071056.8606174232 -222413.3721341976 1712682.3790743644 -190169.3115169441 1049060.1451593477 -521491.5513267168 512471.5611712589 12775.7772141200 -457309.3024150321 285889.9898941346 -109445.7002783460 -77860.2911701043 -80081.5675537773 0.0000000000 0.0000000000 0.0000000000 0.0000000000 0.0000000000 0.0000000000 0.0000000000 0.0000000000 0.0000000000 0.0000000000 0.0000000000 0.0000000000 0.0000000000  
-87063.7404477598 -281347.6557766321 -190169.3115169441 518956.7455927506 -77575.0503603949 483119.9625127766 -190050.4598376170 -14020.4167007202 725564.7021514343 134941.2242388530 25044.5601136089 92028.1553698055 138810.0362978217 0.0000000000 0.0000000000 0.0000000000 0.0000000000 0.0000000000 0.0000000000 0.0000000000 0.0000000000 0.0000000000 0.0000000000 0.0000000000 0.0000000000 0.0000000000  
1306879.1129698171 54264.2784866690 1049060.1451593477 -77575.0503603949 823546.0596794752 -232565.7610017138 295897.0118892859 -4746.2607018878 -104467.7529403197 146452.1634141753 -32710.6713871219 14741.5103358055 10077.0644466235 0.0000000000 0.0000000000 0.0000000000 0.0000000000 0.0000000000 0.0000000000 0.0000000000 0.0000000000 0.0000000000 0.0000000000 0.0000000000 0.0000000000 0.0000000000  
-393883.2717574434 -207265.1178062456 -521491.5513267168 483119.9625127766 -232565.7610017138 1348491.5505600031 -417707.3117035850 -24860.2101908573 967372.1418618592 -81730.9883602141 206558.4790555153 68130.6034078161 155021.5683096005 0.0000000000 0.0000000000 0.0000000000 0.0000000000 0.0000000000 0.0000000000 0.0000000000 0.0000000000 0.0000000000 0.0000000000 0.0000000000 0.0000000000 0.0000000000  
571525.1671689155 14479.2394283600 512471.5611712589 -190050.4598376170 295897.0118892859 -417707.3117035850 1467985.6026258641 19647.6333654436 346172.9380221865 559341.0870349563 -126599.4529566270 -46731.1306377137 132568.2988560585 0.0000000000 0.0000000000 0.0000000000 0.0000000000 0.0000000000 0.0000000000 0.0000000000 0.0000000000 0.0000000000 0.0000000000 0.0000000000 0.0000000000 0.0000000000  
6053.1484637125 -4809.4151232944 12775.7772141200 -14020.4167007202 -4746.2607018878 -24860.2101908573 19647.6333654436 179504.2827666700 -80260.1271058187 -61003.2035229125 2271.2953843480 -14884.3571564374 -37281.8195236192 0.0000000000 0.0000000000 0.0000000000 0.0000000000 0.0000000000 0.0000000000 0.0000000000 0.0000000000 0.0000000000 0.0000000000 0.0000000000 0.0000000000 0.0000000000  
-274612.9308236751 -255474.3049009794 -457309.3024150321 725564.7021514343 -104467.7529403198 967372.1418618591 346172.9380221865 -80260.1271058187 9236848.9633690082 1193687.4627681957 644965.1684290437 -2184418.6689078705 -2572499.4405134050 0.0000000000 0.0000000000 0.0000000000 0.0000000000 0.0000000000 0.0000000000 0.0000000000 0.0000000000 0.0000000000 0.0000000000 0.0000000000 0.0000000000 0.0000000000  
371368.6330176791 -177168.7811268361 285889.9898941346 134941.2242388530 146452.1634141753 -81730.9883602141 559341.0870349563 -61003.2035229125 1193687.4627681957 874950.4533348260 65700.5624575758 -139573.6041391174 200554.9236784852 0.0000000000 0.0000000000 0.0000000000 0.0000000000 0.0000000000 0.0000000000 0.0000000000 0.0000000000 0.0000000000 0.0000000000 0.0000000000 0.0000000000 0.0000000000  
-36417.8727164555 -17642.2399155500 -109445.7002783460 25044.5601136090 -32710.6713871219 206558.4790555153 -126599.4529566270 2271.2953843480 644965.1684290437 65700.5624575758 596624.5182143860 -14947.1702792808 -41342.1095964714 0.0000000000 0.0000000000 0.0000000000 0.0000000000 0.0000000000 0.0000000000 0.0000000000 0.0000000000 0.0000000000 0.0000000000 0.0000000000 0.0000000000 0.0000000000  
-39532.9356647424 9709.0765518085 -77860.2911701043 92028.1553698055 14741.5103358055 68130.6034078161 -46731.1306377137 -14884.3571564374 -2184418.6689078705 -139573.6041391174 -14947.1702792808 9717916.6436637659 6885400.5104855103 0.0000000000 0.0000000000 0.0000000000 0.0000000000 0.0000000000 0.0000000000 0.0000000000 0.0000000000 0.0000000000 0.0000000000 0.0000000000 0.0000000000 0.0000000000  
-37950.3355333571 -20937.8325837482 -80081.5675537773 138810.0362978217 10077.0644466235 155021.5683096005 132568.2988560585 -37281.8195236192 -2572499.4405134050 200554.9236784852 -41342.1095964714 6885400.5104855103 9877150.0276117325 0.0000000000 0.0000000000 0.0000000000 0.0000000000 0.0000000000 0.0000000000 0.0000000000 0.0000000000 0.0000000000 0.0000000000 0.0000000000 0.0000000000 0.0000000000  
-3451143384.3533192000 325282983.1099860100 -2882445206.4517875000 538482997.5068894600 -1699811162.0755861000 1350830070.1388206000 -775735910.5031110000 54910207.6315215230 2880303945.9596639000 -223022859.7029441600 378306237.4449788900 -1426219648.6099069000 -1402064078.1489124000 0.0000000000 0.0000000000 0.0000000000 0.0000000000 0.0000000000 0.0000000000 0.0000000000 0.0000000000 0.0000000000 0.0000000000 0.0000000000 0.0000000000 0.0000000000  
1333347695.2519886000 -1156120185.9287982000 921287768.5838638500 464157055.7708738400 117794579.6776815500 43069976.8796608150 71458445.5620082620 -9475005.9686002024 -500411788.3791026500 366343740.6159744900 -109752831.8330469400 452384324.5420134700 716932557.2240372900 0.0000000000 0.0000000000 0.0000000000 0.0000000000 0.0000000000 0.0000000000 0.0000000000 0.0000000000 0.0000000000 0.0000000000 0.0000000000 0.0000000000 0.0000000000  
6334046792.7412167000 -1074726383.1724815000 4945429385.5745449000 -158116441.1257983700 3048916458.1203775000 -1574610422.7900920000 887758241.4293570500 297293996.5951849200 -9873427596.6943226000 275737236.0465822800 -110816467.9075778400 8282947700.1385460000 10844855627.7796550000 0.0000000000 0.0000000000 0.0000000000 0.0000000000 0.0000000000 0.0000000000 0.0000000000 0.0000000000 0.0000000000 0.0000000000 0.0000000000 0.0000000000 0.0000000000  
-301883921.6783178400 301454369.0351882600 -184142659.6809173500 -398026029.1794442500 -107436673.1842622500 -64430046.6461262480 163901749.7760511900 14692050.4636849930 159849465.9579384900 -109862887.2429153300 111142171.4896670700 -198028418.6664461800 -445382020.7761111300 0.0000000000 0.0000000000 0.0000000000 0.0000000000 0.0000000000 0.0000000000 0.0000000000 0.0000000000 0.0000000000 0.0000000000 0.0000000000 0.0000000000 0.0000000000  
-5392256390.7327337000 581601728.7911448500 -4212854230.0998783000 -50151701.2119431420 -2919814809.2348447000 829635777.7354569400 -1262439531.4018898000 95758591.4574538770 1923042718.8446419000 -949327365.9227149500 152048029.4044241300 -6263417720.1367512000 -6567572756.5378284000 0.0000000000 0.0000000000 0.0000000000 0.0000000000 0.0000000000 0.0000000000 0.0000000000 0.0000000000 0.0000000000 0.0000000000 0.0000000000 0.0000000000 0.0000000000  
1074307119.2410338000 -27194517.9009274950 948552152.8367899700 -221302138.9957325200 568398929.6367654800 -947500154.1953620900 761984161.6803014300 33609282.1005093080 1189866498.9689419000 446635193.5491327600 17252483.0393836270 -212285032.5848943000 -1137780734.0198989000 0.0000000000 0.0000000000 0.0000000000 0.0000000000 0.0000000000 0.0000000000 0.0000000000 0.0000000000 0.0000000000 0.0000000000 0.0000000000 0.0000000000 0.0000000000  
-904056008.9866802700 -113395466.7895933200 -880998162.1930748200 480484067.7896371500 -473042165.7043965500 1034213391.7286782000 -2475115292.1074414000 -54831533.8860122860 -294128079.5351285300 -851771293.8856544500 276309669.8184422300 1055565618.8280795000 758639624.8768858900 0.0000000000 0.0000000000 0.0000000000 0.0000000000 0.0000000000 0.0000000000 0.0000000000 0.0000000000 0.0000000000 0.0000000000 0.0000000000 0.0000000000 0.0000000000  
-4647943632.0292110000 980194281.5519928900 -3635548607.9087067000 -49443920.7282058220 -2155603000.7374086000 742260477.7483866200 -989269299.0644741100 -309006563.2133903500 3276277214.2603936000 -481314661.0245169400 253461486.7832895200 -2092051043.6522715000 -2579183182.6153994000 0.0000000000 0.0000000000 0.0000000000 0.0000000000 0.0000000000 0.0000000000 0.0000000000 0.0000000000 0.0000000000 0.0000000000 0.0000000000 0.0000000000 0.0000000000  
1294533743.6499221000 290105167.0704394000 1464675255.5191965000 -1347478095.4139593000 540672823.7545329300 -1980217783.5019698000 -617497648.6718483000 121718448.1709438000 -18565179535.8660740000 -2262278513.0973396000 -1313201783.0408792000 7687062815.6931543000 6744803697.2986698000 0.0000000000 0.0000000000 0.0000000000 0.0000000000 0.0000000000 0.0000000000 0.0000000000 0.0000000000 0.0000000000 0.0000000000 0.0000000000 0.0000000000 0.0000000000  
-1119570254.4042432000 386960152.7577578400 -853955266.2876215000 -250566407.6223555200 -493552838.0428149700 78059460.1978239570 -937672609.5214413400 87867416.4426884060 -1877396988.6056106000 -1396276544.7031088000 -120567215.5237229300 1192067503.5885782000 967424131.1568809700 0.0000000000 0.0000000000 0.0000000000 0.0000000000 0.0000000000 0.0000000000 0.0000000000 0.0000000000 0.0000000000 0.0000000000 0.0000000000 0.0000000000 0.0000000000  
-1595523875.3855348000 348841867.8942272700 -1124835724.8295183000 10761775.1163985490 -710406491.0289224400 52208452.1880605370 -93437687.3234046400 53203194.6290057600 396846009.5926519600 -317265839.3623350900 -966248728.3580718000 -1078695094.1553819000 -1664816324.2042985000 0.0000000000 0.0000000000 0.0000000000 0.0000000000 0.0000000000 0.0000000000 0.0000000000 0.0000000000 0.0000000000 0.0000000000 0.0000000000 0.0000000000 0.0000000000  
20376316.8474830240 -168361869.5776435100 -20484532.7317098230 191062135.0563966600 -44865347.5853762400 258154458.1660659600 181998222.3108605100 -10662979.3416941040 7485217663.9686918000 732761304.1325978000 348762221.1784877200 -15192602818.1904280000 -11666225262.5972120000 0.0000000000 0.0000000000 0.0000000000 0.0000000000 0.0000000000 0.0000000000 0.0000000000 0.0000000000 0.0000000000 0.0000000000 0.0000000000 0.0000000000 0.0000000000  
-1358547585.7864313000 425366229.7613530200 -884647757.1325349800 -498000481.5036022700 -696824315.5239079000 -598123602.8889111300 -363072669.8507217200 110380279.9538957900 2786844329.5077968000 -591154192.6450494500 21834086.6164253170 -10179476324.2930550000 -14464262317.2232930000 0.0000000000 0.0000000000 0.0000000000 0.0000000000 0.0000000000 0.0000000000 0.0000000000 0.0000000000 0.0000000000 0.0000000000 0.0000000000 0.0000000000 0.0000000000  
2567.7295649462 -1102.7154780673 -26025.4114674313 -13156.8291127297 9326.7370594174 -8737.5580336768 -7229.8383713387 1277.7309789936 -8624.7795182518 -723.5898344428 346.3442099110 -6525.0133611902 2829.2986230883 0.0000000000 0.0000000000 0.0000000000 0.0000000000 0.0000000000 0.0000000000 0.0000000000 0.0000000000 0.0000000000 0.0000000000 0.0000000000 0.0000000000 0.0000000000  
-1102.7154780673 85245.8648246214 -53609.3652887977 1066.1486161806 35540.2133285497 -75153.7795597291 -21971.7463868819 12493.4557183944 -60545.3374954438 -24965.2178059494 8409.3096622853 -37531.1012542809 17892.4713418416 0.0000000000 0.0000000000 0.0000000000 0.0000000000 0.0000000000 0.0000000000 0.0000000000 0.0000000000 0.0000000000 0.0000000000 0.0000000000 0.0000000000 0.0000000000  
-26025.4114674313 -53609.3652887977 434500.2904186905 306292.9639816315 -99472.2391659842 84332.8172987632 129271.6303372241 -6191.6546336111 110722.8330437412 -26499.7799424299 3351.4277921143 84771.9035427438 -46699.9460516478 0.0000000000 0.0000000000 0.0000000000 0.0000000000 0.0000000000 0.0000000000 0.0000000000 0.0000000000 0.0000000000 0.0000000000 0.0000000000 0.0000000000 0.0000000000  
-13156.8291127297 1066.1486161806 306292.9639816315 1243977.8047082853 -82682.3228942845 -650706.3293250804 -255417.6902411809 15608.8101047626 -29457.0508797630 31367.6947394837 -8059.6589058957 -12460.1657327724 -17104.9592954928 0.0000000000 0.0000000000 0.0000000000 0.0000000000 0.0000000000 0.0000000000 0.0000000000 0.0000000000 0.0000000000 0.0000000000 0.0000000000 0.0000000000 0.0000000000  
9326.7370594174 35540.2133285497 -99472.2391659842 -82682.3228942845 327938.5173307363 120268.4200680729 28412.1596631973 -24120.2560954623 13559.1414786148 -3384.1778139476 -16127.9558704127 -248.9109009876 -13775.5256768936 0.0000000000 0.0000000000 0.0000000000 0.0000000000 0.0000000000 0.0000000000 0.0000000000 0.0000000000 0.0000000000 0.0000000000 0.0000000000 0.0000000000 0.0000000000  
-8737.5580336768 -75153.7795597291 84332.8172987632 -650706.3293250804 120268.4200680729 627324.0207127821 275256.1695045389 -48171.8252976290 173651.7388803033 7600.1033810252 -15826.9117986459 110443.9092005787 -46320.4604484399 0.0000000000 0.0000000000 0.0000000000 0.0000000000 0.0000000000 0.0000000000 0.0000000000 0.0000000000 0.0000000000 0.0000000000 0.0000000000 0.0000000000 0.0000000000  
-7229.8383713387 -21971.7463868819 129271.6303372241 -255417.6902411809 28412.1596631973 275256.1695045389 4552705.3586989278 347949.3556500154 1100254.6094235221 55549.4149875692 170190.3980861062 860815.5202251273 -98731.7461463907 0.0000000000 0.0000000000 0.0000000000 0.0000000000 0.0000000000 0.0000000000 0.0000000000 0.0000000000 0.0000000000 0.0000000000 0.0000000000 0.0000000000 0.0000000000  
1277.7309789936 12493.4557183944 -6191.6546336111 15608.8101047626 -24120.2560954623 -48171.8252976290 347949.3556500154 46070.7956307756 54076.8519967662 -15695.2746767364 27543.7204527703 52632.0058129778 6387.1229548170 0.0000000000 0.0000000000 0.0000000000 0.0000000000 0.0000000000 0.0000000000 0.0000000000 0.0000000000 0.0000000000 0.0000000000 0.0000000000 0.0000000000 0.0000000000  
-8624.7795182518 -60545.3374954438 110722.8330437412 -29457.0508797630 13559.1414786149 173651.7388803033 1100254.6094235224 54076.8519967662 539997.2870597442 60328.0402005717 21335.9920663169 414215.5128689590 -100867.0350556926 0.0000000000 0.0000000000 0.0000000000 0.0000000000 0.0000000000 0.0000000000 0.0000000000 0.0000000000 0.0000000000 0.0000000000 0.0000000000 0.0000000000 0.0000000000  
-723.5898344428 -24965.2178059494 -26499.7799424299 31367.6947394837 -3384.1778139476 7600.1033810252 55549.4149875692 -15695.2746767364 60328.0402005717 165579.5731312584 -4616.6265898876 -11904.1326358950 9735.3254864407 0.0000000000 0.0000000000 0.0000000000 0.0000000000 0.0000000000 0.0000000000 0.0000000000 0.0000000000 0.0000000000 0.0000000000 0.0000000000 0.0000000000 0.0000000000  
346.3442099110 8409.3096622853 3351.4277921143 -8059.6589058957 -16127.9558704127 -15826.9117986459 170190.3980861062 27543.7204527703 21335.9920663169 -4616.6265898876 28404.7402387138 8260.2379531571 20467.7232718558 0.0000000000 0.0000000000 0.0000000000 0.0000000000 0.0000000000 0.0000000000 0.0000000000 0.0000000000 0.0000000000 0.0000000000 0.0000000000 0.0000000000 0.0000000000  
-6525.0133611902 -37531.1012542809 84771.9035427438 -12460.1657327724 -248.9109009876 110443.9092005787 860815.5202251273 52632.0058129778 414215.5128689590 -11904.1326358950 8260.2379531571 759452.6168178862 -85939.3504787034 0.0000000000 0.0000000000 0.0000000000 0.0000000000 0.0000000000 0.0000000000 0.0000000000 0.0000000000 0.0000000000 0.0000000000 0.0000000000 0.0000000000 0.0000000000  
2829.2986230883 17892.4713418416 -46699.9460516478 -17104.9592954928 -13775.5256768936 -46320.4604484399 -98731.7461463907 6387.1229548170 -100867.0350556926 9735.3254864407 20467.7232718558 -85939.3504787034 64706.3959830164 0.0000000000 0.0000000000 0.0000000000 0.0000000000 0.0000000000 0.0000000000 0.0000000000 0.0000000000 0.0000000000 0.0000000000 0.0000000000 0.0000000000 0.0000000000  
271757.8621951161 10641931.9577944650 -78042830.3309074490 -196755857.2810755700 -36788890.3884429560 68651452.8215302680 -19950496.2072076200 -5926546.0371194109 7897189.6995289056 9038335.6107583214 -4183189.9115134240 24233354.9520306210 2489668.1716782250 0.0000000000 0.0000000000 0.0000000000 0.0000000000 0.0000000000 0.0000000000 0.0000000000 0.0000000000 0.0000000000 0.0000000000 0.0000000000 0.0000000000 0.0000000000  
-1944169.0342904772 -202906697.0238853700 214981780.3911930000 130144672.2011028800 -97394959.9984535570 140479287.8159359400 41154254.5626689940 -27058336.9023721960 139530292.3309020100 49838295.9154743030 -16296705.5910530840 80227877.9184147860 -44991192.8484889420 0.0000000000 0.0000000000 0.0000000000 0.0000000000 0.0000000000 0.0000000000 0.0000000000 0.0000000000 0.0000000000 0.0000000000 0.0000000000 0.0000000000 0.0000000000  
23474273.3676745440 35223886.5478726100 -480484087.3032402400 -662300568.8426318200 31606637.2353059130 120522817.1127702100 239626491.2900657700 15619107.4098328630 45779077.6553878780 40122822.6210249440 -4611312.9784361422 74742825.7663126740 16303507.2438843940 0.0000000000 0.0000000000 0.0000000000 0.0000000000 0.0000000000 0.0000000000 0.0000000000 0.0000000000 0.0000000000 0.0000000000 0.0000000000 0.0000000000 0.0000000000  
29156440.9261864270 746341.0589736668 -680258586.9473143800 -2627645745.6883988000 153131870.5051300500 1342169588.8954196000 574244022.7180721800 -26397831.8412567190 71734710.1139094230 -59067473.9087254410 18520822.3156213160 43362473.2755371850 38189013.9788876700 0.0000000000 0.0000000000 0.0000000000 0.0000000000 0.0000000000 0.0000000000 0.0000000000 0.0000000000 0.0000000000 0.0000000000 0.0000000000 0.0000000000 0.0000000000  
-13379600.4393322650 -67763609.8617684840 67452526.3803334830 -74198969.4455671460 -737108189.0801445200 -210550772.8619730200 112560310.4568838200 70258553.3507100490 -1362046.4304287371 16317970.4526180640 44376061.9347270060 37553592.1893481540 41783413.7546212750 0.0000000000 0.0000000000 0.0000000000 0.0000000000 0.0000000000 0.0000000000 0.0000000000 0.0000000000 0.0000000000 0.0000000000 0.0000000000 0.0000000000 0.0000000000  
18343744.0212995930 174690612.8328707800 -149219853.5107679700 1631757329.5877151000 -295823916.9152435100 -1517001640.2157860000 -645364802.9542712000 116948671.8451283600 -407496698.4027661100 -21397356.8149128220 39501076.1741665970 -259632874.6603676700 106945638.8482363700 0.0000000000 0.0000000000 0.0000000000 0.0000000000 0.0000000000 0.0000000000 0.0000000000 0.0000000000 0.0000000000 0.0000000000 0.0000000000 0.0000000000 0.0000000000  
14101328.3680162040 44645723.5155754090 -251054069.5907467000 567299368.9613466300 -60036097.9005600290 -583757982.1772038900 -9688700382.1230373000 -741196840.3915740300 -2337767705.9306140000 -120139660.5542090500 -361981945.7021172600 -1830253529.6022213000 207849061.6624740100 0.0000000000 0.0000000000 0.0000000000 0.0000000000 0.0000000000 0.0000000000 0.0000000000 0.0000000000 0.0000000000 0.0000000000 0.0000000000 0.0000000000 0.0000000000  
5125973.2813647855 -8675662.3020637874 -138474735.9273500700 -207917194.8182348600 107337495.9661477400 136702825.6448621200 -742928908.1940152600 -103454496.9857481900 -122890353.6684355900 47314762.3694538620 -66178272.6447492760 -111020798.8533717500 -7693085.0124681396 0.0000000000 0.0000000000 0.0000000000 0.0000000000 0.0000000000 0.0000000000 0.0000000000 0.0000000000 0.0000000000 0.0000000000 0.0000000000 0.0000000000 0.0000000000  
14809650.2156194260 114685497.2728183000 -172678651.5467800200 124081762.5660950400 -25394595.9703798290 -351936007.4947825100 -2146273834.8582551000 -105226117.0489856000 -1051467818.4261754000 -117233102.4486892100 -39167436.3386035110 -818092647.0012753000 197640168.4471572600 0.0000000000 0.0000000000 0.0000000000 0.0000000000 0.0000000000 0.0000000000 0.0000000000 0.0000000000 0.0000000000 0.0000000000 0.0000000000 0.0000000000 0.0000000000  
1351723.0179747329 44962526.0346506310 46844444.8194983300 -58625215.0486838070 6695950.3275160315 -12574434.3421194550 -93961853.0233580320 28678868.7981142180 -105989504.8843015300 -298865963.9350243200 8370253.0813082810 24146111.2078201030 -18235803.1843566750 0.0000000000 0.0000000000 0.0000000000 0.0000000000 0.0000000000 0.0000000000 0.0000000000 0.0000000000 0.0000000000 0.0000000000 0.0000000000 0.0000000000 0.0000000000  
6338670.6308709113 -2758574.1812536935 -140206067.4341107900 -130121124.1171016800 86463192.9740667790 61045728.4238404410 -333163789.3582273700 -60883642.8715432290 -45197972.8556861880 21075286.3825540620 -67373787.6263104680 -8833702.4233974237 -40995740.1203281880 0.0000000000 0.0000000000 0.0000000000 0.0000000000 0.0000000000 0.0000000000 0.0000000000 0.0000000000 0.0000000000 0.0000000000 0.0000000000 0.0000000000 0.0000000000  
10658855.7881238740 65017628.5402680710 -127853545.1428044900 63628565.2638535050 5360996.8468111977 -205555570.9286155700 -1521168343.5722444000 -92645920.3422327490 -729291324.1504145900 18341257.3913643360 -14411630.3175645080 -1327444870.0692492000 150092296.3634796100 0.0000000000 0.0000000000 0.0000000000 0.0000000000 0.0000000000 0.0000000000 0.0000000000 0.0000000000 0.0000000000 0.0000000000 0.0000000000 0.0000000000 0.0000000000  
-4362843.8916865652 -35559007.4998779370 70072489.6816170960 16301332.2832621630 36948559.6178131400 94901021.9522895510 274267515.3172879200 -7154477.5221244833 234170926.2187675500 -12567568.7675368600 -38000193.5263222160 201075288.5732806300 -130576345.6719550000 0.0000000000 0.0000000000 0.0000000000 0.0000000000 0.0000000000 0.0000000000 0.0000000000 0.0000000000 0.0000000000 0.0000000000 0.0000000000 0.0000000000 0.0000000000  
1447.9379211467 -829.6498352937 214.7187669170 2141.3986588525 1599.4894406484 1044.6921433294 1047.8152479642 534.1758617472 -1323.8752346605 -1829.6047178337 17775.7240575138 -78.4291551327 237.0559471101 0.0000000000 0.0000000000 0.0000000000 0.0000000000 0.0000000000 0.0000000000 0.0000000000 0.0000000000 0.0000000000 0.0000000000 0.0000000000 0.0000000000 0.0000000000  
-829.6498352937 1132.0541598405 222.3829330540 -1293.1822769956 -2830.1906281926 -198.8808074797 345.1795150844 -520.1324193820 -66.3847845327 1924.2618774275 -17729.7710406456 -54.6316314395 -82.7560869263 0.0000000000 0.0000000000 0.0000000000 0.0000000000 0.0000000000 0.0000000000 0.0000000000 0.0000000000 0.0000000000 0.0000000000 0.0000000000 0.0000000000 0.0000000000  
214.7187669170 222.3829330540 749.8929992741 -566.1610612734 -1452.3253953578 456.9838480791 497.3425806260 -60.2316030183 -537.5181938965 1159.7812720405 -16097.8674127095 -87.3838877840 253.2467247040 0.0000000000 0.0000000000 0.0000000000 0.0000000000 0.0000000000 0.0000000000 0.0000000000 0.0000000000 0.0000000000 0.0000000000 0.0000000000 0.0000000000 0.0000000000  
2141.3986588525 -1293.1822769956 -566.1610612734 5129.3807103907 5337.2625735916 1458.7509122829 1556.0876927308 1365.1315421590 -2050.6830892565 -5301.7462381356 54993.4540378009 -182.3892254295 255.4241552394 0.0000000000 0.0000000000 0.0000000000 0.0000000000 0.0000000000 0.0000000000 0.0000000000 0.0000000000 0.0000000000 0.0000000000 0.0000000000 0.0000000000 0.0000000000  
1599.4894406484 -2830.1906281926 -1452.3253953578 5337.2625735916 13714.9315913100 479.1278991686 -1103.3710447081 2883.2730061143 106.2589015694 -9030.5651072478 78663.7554120352 -459.5734517873 700.7531359168 0.0000000000 0.0000000000 0.0000000000 0.0000000000 0.0000000000 0.0000000000 0.0000000000 0.0000000000 0.0000000000 0.0000000000 0.0000000000 0.0000000000 0.0000000000  
1044.6921433294 -198.8808074797 456.9838480791 1458.7509122829 479.1278991686 1167.7363694484 1570.6811279557 424.2878335841 -1709.2877425703 -1000.5621197936 8718.6909576238 -298.9933199984 373.2624412577 0.0000000000 0.0000000000 0.0000000000 0.0000000000 0.0000000000 0.0000000000 0.0000000000 0.0000000000 0.0000000000 0.0000000000 0.0000000000 0.0000000000 0.0000000000  
1047.8152479642 345.1795150844 497.3425806260 1556.0876927308 -1103.3710447081 1570.6811279557 3010.2087636120 171.0887966656 -3080.3106814812 -681.5927397479 11136.6548801756 -374.4465745109 421.3683663173 0.0000000000 0.0000000000 0.0000000000 0.0000000000 0.0000000000 0.0000000000 0.0000000000 0.0000000000 0.0000000000 0.0000000000 0.0000000000 0.0000000000 0.0000000000  
534.1758617472 -520.1324193820 -60.2316030183 1365.1315421590 2883.2730061143 424.2878335841 171.0887966656 8058.1525412525 -462.3145564948 -1931.8343804084 13307.2026792061 -182.8323000587 294.2600013831 0.0000000000 0.0000000000 0.0000000000 0.0000000000 0.0000000000 0.0000000000 0.0000000000 0.0000000000 0.0000000000 0.0000000000 0.0000000000 0.0000000000 0.0000000000  
-1323.8752346605 -66.3847845327 -537.5181938965 -2050.6830892565 106.2589015694 -1709.2877425703 -3080.3106814812 -462.3145564948 3922.2599951647 1737.0041844665 -17929.7800480344 448.1170771584 -689.1522022321 0.0000000000 0.0000000000 0.0000000000 0.0000000000 0.0000000000 0.0000000000 0.0000000000 0.0000000000 0.0000000000 0.0000000000 0.0000000000 0.0000000000 0.0000000000  
-1829.6047178337 1924.2618774275 1159.7812720405 -5301.7462381356 -9030.5651072478 -1000.5621197936 -681.5927397479 -1931.8343804084 1737.0041844665 16493.5147037934 -70952.1781755209 326.8354723534 -365.0548165043 0.0000000000 0.0000000000 0.0000000000 0.0000000000 0.0000000000 0.0000000000 0.0000000000 0.0000000000 0.0000000000 0.0000000000 0.0000000000 0.0000000000 0.0000000000  
17775.7240575138 -17729.7710406456 -16097.8674127095 54993.4540378009 78663.7554120352 8718.6909576238 11136.6548801756 13307.2026792061 -17929.7800480344 -70952.1781755209 857965.2407859565 -1069.5751514119 -1591.5424346754 0.0000000000 0.0000000000 0.0000000000 0.0000000000 0.0000000000 0.0000000000 0.0000000000 0.0000000000 0.0000000000 0.0000000000 0.0000000000 0.0000000000 0.0000000000  
-78.4291551327 -54.6316314395 -87.3838877840 -182.3892254295 -459.5734517873 -298.9933199984 -374.4465745109 -182.8323000587 448.1170771584 326.8354723534 -1069.5751514119 442.4065635435 -326.6212020840 0.0000000000 0.0000000000 0.0000000000 0.0000000000 0.0000000000 0.0000000000 0.0000000000 0.0000000000 0.0000000000 0.0000000000 0.0000000000 0.0000000000 0.0000000000  
237.0559471101 -82.7560869263 253.2467247040 255.4241552394 700.7531359168 373.2624412577 421.3683663173 294.2600013831 -689.1522022321 -365.0548165043 -1591.5424346754 -326.6212020840 579.0073321775 0.0000000000 0.0000000000 0.0000000000 0.0000000000 0.0000000000 0.0000000000 0.0000000000 0.0000000000 0.0000000000 0.0000000000 0.0000000000 0.0000000000 0.0000000000  
-2517529.4066768349 1286858.3895665635 -629479.3812939385 -3353221.0915923901 -1825726.6276938040 -1902563.1840894022 -1942382.3808938055 -784184.1094552997 2352956.8495525261 2480123.4754897598 -23031807.4198160580 123861.7962361203 -426334.3019372632 0.0000000000 0.0000000000 0.0000000000 0.0000000000 0.0000000000 0.0000000000 0.0000000000 0.0000000000 0.0000000000 0.0000000000 0.0000000000 0.0000000000 0.0000000000  
1641841.8668429148 -2552687.7093562540 -610311.2776313331 2565140.5677945935 6345988.8251091251 165112.6575721951 -1209965.5408944457 1060656.6315485099 657565.3041465144 -4148482.2067823736 37699750.8397394490 195202.2683423375 91550.7959104513 0.0000000000 0.0000000000 0.0000000000 0.0000000000 0.0000000000 0.0000000000 0.0000000000 0.0000000000 0.0000000000 0.0000000000 0.0000000000 0.0000000000 0.0000000000  
-392515.8985407747 -541326.0236303120 -1565233.0925277097 1328384.7535654905 3520215.5832576556 -891296.3948378392 -983341.5940726256 171072.4378554834 949672.3388238258 -2754066.1247922950 35888286.3993167060 128186.2409307390 -428436.3044626471 0.0000000000 0.0000000000 0.0000000000 0.0000000000 0.0000000000 0.0000000000 0.0000000000 0.0000000000 0.0000000000 0.0000000000 0.0000000000 0.0000000000 0.0000000000  
-3195823.6232031304 1899885.0225341944 812286.5225574226 -7627687.8816615138 -7841979.4898507204 -2190078.8902355246 -2336704.3298187205 -2020279.7053271739 3058604.6511469940 7827048.6566246348 -80986398.2516907900 269519.0857833339 -382544.9791450868 0.0000000000 0.0000000000 0.0000000000 0.0000000000 0.0000000000 0.0000000000 0.0000000000 0.0000000000 0.0000000000 0.0000000000 0.0000000000 0.0000000000 0.0000000000  
-2917823.2087779781 5469795.7895054854 2733228.1616668501 -9942439.4711237531 -26722417.9760840760 -783765.0287550355 2493760.1910705557 -5605214.3171962667 -582913.9368609671 17268569.1806687190 -146493828.8727204800 913962.7576746089 -1439568.7373474813 0.0000000000 0.0000000000 0.0000000000 0.0000000000 0.0000000000 0.0000000000 0.0000000000 0.0000000000 0.0000000000 0.0000000000 0.0000000000 0.0000000000 0.0000000000  
-2625038.4480003654 492386.7789484577 -1128807.1256403245 -3715157.9017460998 -1232003.0123096188 -2929539.3612487772 -3938155.3457400468 -1085182.9104767235 4275529.3925873088 2543677.0862496560 -22666696.8598333490 736504.1327154362 -903295.2887745085 0.0000000000 0.0000000000 0.0000000000 0.0000000000 0.0000000000 0.0000000000 0.0000000000 0.0000000000 0.0000000000 0.0000000000 0.0000000000 0.0000000000 0.0000000000  
-2165417.6783227595 -851430.7466440749 -1137653.9061813180 -3061306.4483319125 2922986.1804257855 -3336652.7499757647 -6471393.2044247603 -231671.1802006963 6561444.0075274855 254702.2166880686 -20266295.1031851810 785716.1483433908 -882985.4599474620 0.0000000000 0.0000000000 0.0000000000 0.0000000000 0.0000000000 0.0000000000 0.0000000000 0.0000000000 0.0000000000 0.0000000000 0.0000000000 0.0000000000 0.0000000000  
-1019890.5388445987 984230.5273283442 39199.2647856615 -2552549.1467881417 -5559790.8253866928 -839954.8979445794 -305421.3603448889 -16756259.1447117700 872275.4983284154 3627740.6080803610 -23179611.1013365500 372537.6774866832 -614585.4149476378 0.0000000000 0.0000000000 0.0000000000 0.0000000000 0.0000000000 0.0000000000 0.0000000000 0.0000000000 0.0000000000 0.0000000000 0.0000000000 0.0000000000 0.0000000000  
3072712.5447271736 318641.6322795221 1280418.1479561136 4789703.7273305571 -696372.2695922587 4079917.9761475823 7531082.4539670870 986141.9918162462 -9548049.3316567279 -4000244.0825534645 42154475.2143020480 -1062942.9058349764 1618729.8548809409 0.0000000000 0.0000000000 0.0000000000 0.0000000000 0.0000000000 0.0000000000 0.0000000000 0.0000000000 0.0000000000 0.0000000000 0.0000000000 0.0000000000 0.0000000000  
5002131.9012890654 -5377057.5925183715 -3327030.4643241712 14657582.7557759770 25117993.3267034070 2634643.6110438877 1683702.2586367254 5290757.9036539271 -4573198.8072998580 -44774049.3219626690 198447175.7691992800 -849137.6976879232 915787.9496536003 0.0000000000 0.0000000000 0.0000000000 0.0000000000 0.0000000000 0.0000000000 0.0000000000 0.0000000000 0.0000000000 0.0000000000 0.0000000000 0.0000000000 0.0000000000  
-37845716.3241494450 37725001.6627412360 34264945.0824116690 -117071766.6074995500 -167371767.9770171900 -18572802.8943715430 -23749308.5905423980 -28277957.5088568670 38210217.1960591080 151119440.9048709600 -1826404356.2160685000 2276761.7841217788 3393030.5898574409 0.0000000000 0.0000000000 0.0000000000 0.0000000000 0.0000000000 0.0000000000 0.0000000000 0.0000000000 0.0000000000 0.0000000000 0.0000000000 0.0000000000 0.0000000000  
177875.1567013374 212548.7832555929 247692.3307169979 505685.8486595355 1456077.2498444878 911249.9370607694 1139577.8301796205 572645.2437282741 -1335018.2241843848 -979703.6973515273 3069004.2973532011 -1453130.2096096673 1036743.2293772047 0.0000000000 0.0000000000 0.0000000000 0.0000000000 0.0000000000 0.0000000000 0.0000000000 0.0000000000 0.0000000000 0.0000000000 0.0000000000 0.0000000000 0.0000000000  
-462136.1694327931 268935.7559714144 -420777.0874310029 -624089.7774955436 -2020805.4407904828 -703291.4699897766 -728446.2984193234 -661471.3264610632 1331849.1638509282 958156.1273370278 863363.6901844239 720337.6920779386 -1279289.0858604864 0.0000000000 0.0000000000 0.0000000000 0.0000000000 0.0000000000 0.0000000000 0.0000000000 0.0000000000 0.0000000000 0.0000000000 0.0000000000 0.0000000000 0.0000000000  
8130.5431669038 -22066.4441804632 928.2100317856 5534.0010780820 3390.8867018475 1099.3037466396 -9996.9538414050 3860.4985999380 -1196.5191973249 12364.1337169117 4528.4740928984 728.4572893771 5607.9607667502 0.0000000000 0.0000000000 0.0000000000 0.0000000000 0.0000000000 0.0000000000 0.0000000000 0.0000000000 0.0000000000 0.0000000000 0.0000000000 0.0000000000 0.0000000000  
-22066.4441804632 120231.3940433310 -1335.0751850418 28523.8777223013 -3180.5432479605 10102.5425136069 46821.4592399422 -1398.4644683979 24725.3620646839 28855.1662400993 -2376.4910247391 6061.1170294669 -18654.4540886309 0.0000000000 0.0000000000 0.0000000000 0.0000000000 0.0000000000 0.0000000000 0.0000000000 0.0000000000 0.0000000000 0.0000000000 0.0000000000 0.0000000000 0.0000000000  
928.2100317856 -1335.0751850418 255.6267242500 1541.4709142887 -342.4407200422 1091.1033958329 2436.8579410069 -89.6068095488 440.8337917165 -258.7801534169 -356.8608221639 -177.1022556506 -893.0828230195 0.0000000000 0.0000000000 0.0000000000 0.0000000000 0.0000000000 0.0000000000 0.0000000000 0.0000000000 0.0000000000 0.0000000000 0.0000000000 0.0000000000 0.0000000000  
5534.0010780820 28523.8777223013 1541.4709142887 52870.1527718739 519.4725793349 15218.9572679363 30301.9610105178 -757.9955204627 13113.1853479147 30957.3531052691 967.7951567449 216.0904923541 -10249.3719709823 0.0000000000 0.0000000000 0.0000000000 0.0000000000 0.0000000000 0.0000000000 0.0000000000 0.0000000000 0.0000000000 0.0000000000 0.0000000000 0.0000000000 0.0000000000  
3390.8867018475 -3180.5432479605 -342.4407200422 519.4725793349 9849.7208125942 -4368.0278470487 -32225.0599186273 11023.4995313104 2187.1945702547 43849.2962514912 14272.6955914420 6683.0851417766 15203.4030973537 0.0000000000 0.0000000000 0.0000000000 0.0000000000 0.0000000000 0.0000000000 0.0000000000 0.0000000000 0.0000000000 0.0000000000 0.0000000000 0.0000000000 0.0000000000  
1099.3037466396 10102.5425136069 1091.1033958329 15218.9572679363 -4368.0278470487 22569.3906231874 20946.7481918425 -4998.2590855367 8633.6658176613 -6175.9944141724 -6299.2136540537 -3252.4587463640 -19436.0800921740 0.0000000000 0.0000000000 0.0000000000 0.0000000000 0.0000000000 0.0000000000 0.0000000000 0.0000000000 0.0000000000 0.0000000000 0.0000000000 0.0000000000 0.0000000000  
-9996.9538414050 46821.4592399422 2436.8579410069 30301.9610105178 -32225.0599186273 20946.7481918425 243610.6914874266 -34752.3889656479 6433.9819300432 -101755.4102969382 -45375.2883491186 -27484.5140579998 -63285.5312608534 0.0000000000 0.0000000000 0.0000000000 0.0000000000 0.0000000000 0.0000000000 0.0000000000 0.0000000000 0.0000000000 0.0000000000 0.0000000000 0.0000000000 0.0000000000  
3860.4985999380 -1398.4644683979 -89.6068095488 -757.9955204627 11023.4995313104 -4998.2590855367 -34752.3889656479 14336.2289917219 6194.6671327149 65708.5336651119 19170.9323753542 10428.4001636574 16975.0191674231 0.0000000000 0.0000000000 0.0000000000 0.0000000000 0.0000000000 0.0000000000 0.0000000000 0.0000000000 0.0000000000 0.0000000000 0.0000000000 0.0000000000 0.0000000000  
-1196.5191973249 24725.3620646839 440.8337917165 13113.1853479147 2187.1945702547 8633.6658176613 6433.9819300432 6194.6671327149 79173.1967056735 143447.0156923245 2490.4928280540 29652.2685939169 -2628.9934704659 0.0000000000 0.0000000000 0.0000000000 0.0000000000 0.0000000000 0.0000000000 0.0000000000 0.0000000000 0.0000000000 0.0000000000 0.0000000000 0.0000000000 0.0000000000  
12364.1337169117 28855.1662400993 -258.7801534169 30957.3531052691 43849.2962514912 -6175.9944141724 -101755.4102969382 65708.5336651119 143447.0156923245 1608465.0058670400 60059.4932495920 109210.1910640525 106889.0129549214 0.0000000000 0.0000000000 0.0000000000 0.0000000000 0.0000000000 0.0000000000 0.0000000000 0.0000000000 0.0000000000 0.0000000000 0.0000000000 0.0000000000 0.0000000000  
4528.4740928984 -2376.4910247391 -356.8608221639 967.7951567449 14272.6955914420 -6299.2136540537 -45375.2883491186 19170.9323753542 2490.4928280540 60059.4932495920 34069.9867316704 13681.2793498018 19030.1679572343 0.0000000000 0.0000000000 0.0000000000 0.0000000000 0.0000000000 0.0000000000 0.0000000000 0.0000000000 0.0000000000 0.0000000000 0.0000000000 0.0000000000 0.0000000000  
728.4572893771 6061.1170294669 -177.1022556506 216.0904923541 6683.0851417766 -3252.4587463640 -27484.5140579998 10428.4001636574 29652.2685939169 109210.1910640525 13681.2793498018 39248.1736657612 13247.2409153569 0.0000000000 0.0000000000 0.0000000000 0.0000000000 0.0000000000 0.0000000000 0.0000000000 0.0000000000 0.0000000000 0.0000000000 0.0000000000 0.0000000000 0.0000000000  
5607.9607667502 -18654.4540886309 -893.0828230195 -10249.3719709823 15203.4030973537 -19436.0800921740 -63285.5312608534 16975.0191674231 -2628.9934704659 106889.0129549213 19030.1679572343 13247.2409153569 37936.6600087305 0.0000000000 0.0000000000 0.0000000000 0.0000000000 0.0000000000 0.0000000000 0.0000000000 0.0000000000 0.0000000000 0.0000000000 0.0000000000 0.0000000000 0.0000000000  
-52232023.4490031820 138068323.9365838200 -5252905.1689484417 -43422424.1683829130 -25298381.2738888040 2523080.1205872050 73477276.7109567370 -26119096.4543431400 55401865.9018368420 -30854481.8600437530 -37384086.3956688270 13784287.3230195230 -44324635.5314917640 0.0000000000 0.0000000000 0.0000000000 0.0000000000 0.0000000000 0.0000000000 0.0000000000 0.0000000000 0.0000000000 0.0000000000 0.0000000000 0.0000000000 0.0000000000  
56031343.3387477550 -289508722.4695162200 3721620.5738501856 -58979400.7524648230 8736298.2899805624 -22618116.3104977720 -109331223.0304698500 4349518.8778957073 -66885069.3437765840 -77061564.5670389240 7679923.1572771203 -18477817.0499423480 44920137.4102422520 0.0000000000 0.0000000000 0.0000000000 0.0000000000 0.0000000000 0.0000000000 0.0000000000 0.0000000000 0.0000000000 0.0000000000 0.0000000000 0.0000000000 0.0000000000  
-58283562.8736332950 144026519.0374886700 -4872474.3792877812 -50228322.2439292970 -39516953.0974117000 12132878.4619505440 118691867.8533289000 -42556744.1948247250 70123580.5288362800 -83393668.4188360420 -64760470.7793068290 8954979.0798151065 -67463029.4019988630 0.0000000000 0.0000000000 0.0000000000 0.0000000000 0.0000000000 0.0000000000 0.0000000000 0.0000000000 0.0000000000 0.0000000000 0.0000000000 0.0000000000 0.0000000000  
-26929758.9313831370 -32830962.1350129360 -4988017.2831267808 -139177959.6664278800 -8255596.5439379010 -34591392.4694974870 -52524659.1011204120 -5089318.3611031370 -9675229.3014818281 -73903740.0686119350 -13054107.3874169550 6042205.3725927230 12016968.9993603560 0.0000000000 0.0000000000 0.0000000000 0.0000000000 0.0000000000 0.0000000000 0.0000000000 0.0000000000 0.0000000000 0.0000000000 0.0000000000 0.0000000000 0.0000000000  
-15614670.3159661590 26564334.9686134680 -150654.6649682957 -10975206.4235793610 -24832741.1856630180 8951201.9112108946 77570275.6602420810 -26856637.8929424250 8897331.5191791430 -89729569.6124197100 -35015743.3441984210 -8797238.0830128938 -38548790.0255796390 0.0000000000 0.0000000000 0.0000000000 0.0000000000 0.0000000000 0.0000000000 0.0000000000 0.0000000000 0.0000000000 0.0000000000 0.0000000000 0.0000000000 0.0000000000  
3412023.4853740488 -38978945.5027093660 -1917259.2093629071 -29857478.3333593640 12884777.7909488100 -51675132.1128535640 -56751253.5488028750 14329938.2039251640 -27647495.4472274970 16439482.4505393600 18842781.3704047240 5244399.6783045037 49363282.9519712480 0.0000000000 0.0000000000 0.0000000000 0.0000000000 0.0000000000 0.0000000000 0.0000000000 0.0000000000 0.0000000000 0.0000000000 0.0000000000 0.0000000000 0.0000000000  
21493302.2210782580 -100355584.8836736500 -5207731.2201543385 -64706688.3346990570 69062778.6728051160 -44860438.4968081120 -521640436.4808607700 74485614.5200291280 -13935847.0669700210 218072013.5102177300 97289140.8711320460 58805686.9496902750 135594186.3678913100 0.0000000000 0.0000000000 0.0000000000 0.0000000000 0.0000000000 0.0000000000 0.0000000000 0.0000000000 0.0000000000 0.0000000000 0.0000000000 0.0000000000 0.0000000000  
-14860937.4771035740 21244978.2231355380 -437602.5979970580 -3090876.7426508530 -26840355.6781100560 12346696.7712559590 84133896.5224015860 -33944835.3414484410 -2194675.8836342497 -140763139.7261951600 -45731155.4525838200 -19046754.7981786910 -42855708.3427583870 0.0000000000 0.0000000000 0.0000000000 0.0000000000 0.0000000000 0.0000000000 0.0000000000 0.0000000000 0.0000000000 0.0000000000 0.0000000000 0.0000000000 0.0000000000  
14175441.0361179410 -81123431.1553695200 130467.1078086069 -16710823.1176315210 2275174.4522976666 -19877569.2381694470 -33453231.0059531030 -5842783.3087016353 -179797705.6355024300 -288385967.7846094400 5504330.9517866764 -64939316.2040731680 17457519.9623365180 0.0000000000 0.0000000000 0.0000000000 0.0000000000 0.0000000000 0.0000000000 0.0000000000 0.0000000000 0.0000000000 0.0000000000 0.0000000000 0.0000000000 0.0000000000  
-19312367.3572855480 -44136127.4816633460 384348.2045415593 -48029873.1644680430 -67939449.9360785340 9594099.9770414848 157754888.5106016700 -101753599.7345878500 -221583252.6629951300 -2487782118.6679134000 -93088464.9544484020 -168847819.1078169000 -165525884.6998936200 0.0000000000 0.0000000000 0.0000000000 0.0000000000 0.0000000000 0.0000000000 0.0000000000 0.0000000000 0.0000000000 0.0000000000 0.0000000000 0.0000000000 0.0000000000  
-13759929.4868020120 11775587.1463102830 473371.7877295865 -6621548.8088682722 -35166879.6704603880 14643461.5148351210 110114834.7977335300 -47015468.3271732400 322630.0587783342 -139111112.9338612600 -84116039.8946072160 -30323642.7586006710 -46809222.1999178450 0.0000000000 0.0000000000 0.0000000000 0.0000000000 0.0000000000 0.0000000000 0.0000000000 0.0000000000 0.0000000000 0.0000000000 0.0000000000 0.0000000000 0.0000000000  
2263356.6949163219 -22237288.7571774870 711127.4407356546 3173725.8847877407 -11830840.8472296040 6319441.9200738715 51493997.1997705180 -19686714.7308432240 -67593357.2511161860 -227456188.6100402800 -25337815.3513818310 -84263731.3792535960 -24089837.4438247420 0.0000000000 0.0000000000 0.0000000000 0.0000000000 0.0000000000 0.0000000000 0.0000000000 0.0000000000 0.0000000000 0.0000000000 0.0000000000 0.0000000000 0.0000000000  
-14110119.5168462040 42572591.5585042540 2103971.6827644100 21610871.0978426000 -37931858.6632922070 47552924.6262501780 154705910.2858466200 -42337029.7695978280 8654409.5529040452 -263221592.2800531100 -47695696.1091463420 -31598036.2383028460 -93723918.2065552320 0.0000000000 0.0000000000 0.0000000000 0.0000000000 0.0000000000 0.0000000000 0.0000000000 0.0000000000 0.0000000000 0.0000000000 0.0000000000 0.0000000000 0.0000000000  
1141717.4516136816 -168911.6037398785 -695273.3719662626 208210.6794734400 397615.2951739891 -383992.9549704802 -413564.1186124728 354530.7745205641 104119.1411101830 314209.8190785403 -23271.1816654753 -591473.7195460108 150844.9651201803 0.0000000000 0.0000000000 0.0000000000 0.0000000000 0.0000000000 0.0000000000 0.0000000000 0.0000000000 0.0000000000 0.0000000000 0.0000000000 0.0000000000 0.0000000000  
-168911.6037398785 232997.8054763674 504063.8706177287 3022.2400885787 -132349.4849453819 216867.5216236945 114990.9384112479 -138597.2177487107 -27173.4847540002 -203343.4417649183 11225.2458759222 322958.2839568143 -112610.2678072163 0.0000000000 0.0000000000 0.0000000000 0.0000000000 0.0000000000 0.0000000000 0.0000000000 0.0000000000 0.0000000000 0.0000000000 0.0000000000 0.0000000000 0.0000000000  
-695273.3719662626 504063.8706177287 1776511.1326832373 -6759.6683557232 -648454.1787848594 425342.6181492543 324382.0913659118 -715232.3010379939 -188541.8518437725 -458499.8396667973 -53248.8847860768 481793.7949129509 -429835.6260164398 0.0000000000 0.0000000000 0.0000000000 0.0000000000 0.0000000000 0.0000000000 0.0000000000 0.0000000000 0.0000000000 0.0000000000 0.0000000000 0.0000000000 0.0000000000  
208210.6794734400 3022.2400885787 -6759.6683557232 121417.6011937275 15224.2962516491 -16011.2350401943 -36526.0841147773 46201.3693772576 91763.2277903983 67442.0063902925 -8862.9450250636 -79422.4888414027 15514.4243282860 0.0000000000 0.0000000000 0.0000000000 0.0000000000 0.0000000000 0.0000000000 0.0000000000 0.0000000000 0.0000000000 0.0000000000 0.0000000000 0.0000000000 0.0000000000  
397615.2951739891 -132349.4849453819 -648454.1787848594 15224.2962516491 704016.3062266713 145065.1158407852 71554.6237852941 678386.9117273773 151818.6949818679 162473.3391218321 130790.2910197405 35843.0872738835 320819.7909376510 0.0000000000 0.0000000000 0.0000000000 0.0000000000 0.0000000000 0.0000000000 0.0000000000 0.0000000000 0.0000000000 0.0000000000 0.0000000000 0.0000000000 0.0000000000  
-383992.9549704802 216867.5216236945 425342.6181492543 -16011.2350401943 145065.1158407852 504479.8618232656 366963.9719984392 166421.3728333004 84485.6462395590 -200457.2384343896 106103.4113773517 586171.3052178389 40618.3366691628 0.0000000000 0.0000000000 0.0000000000 0.0000000000 0.0000000000 0.0000000000 0.0000000000 0.0000000000 0.0000000000 0.0000000000 0.0000000000 0.0000000000 0.0000000000  
-413564.1186124728 114990.9384112479 324382.0913659118 -36526.0841147773 71554.6237852941 366963.9719984392 668529.0892153333 -168175.4006423834 -186930.3096652530 -125838.4122390391 129347.3340862689 510893.3449760961 2092.1578131452 0.0000000000 0.0000000000 0.0000000000 0.0000000000 0.0000000000 0.0000000000 0.0000000000 0.0000000000 0.0000000000 0.0000000000 0.0000000000 0.0000000000 0.0000000000  
354530.7745205641 -138597.2177487107 -715232.3010379939 46201.3693772576 678386.9117273773 166421.3728333004 -168175.4006423834 1279102.5835204022 360033.8594361776 -21821.4252895888 216167.8191261477 272133.5005011343 351147.0720111096 0.0000000000 0.0000000000 0.0000000000 0.0000000000 0.0000000000 0.0000000000 0.0000000000 0.0000000000 0.0000000000 0.0000000000 0.0000000000 0.0000000000 0.0000000000  
104119.1411101830 -27173.4847540002 -188541.8518437725 91763.2277903983 151818.6949818679 84485.6462395590 -186930.3096652530 360033.8594361775 693932.1007814592 -183979.5832423429 -54555.2068088492 360037.7651403687 33041.9751491676 0.0000000000 0.0000000000 0.0000000000 0.0000000000 0.0000000000 0.0000000000 0.0000000000 0.0000000000 0.0000000000 0.0000000000 0.0000000000 0.0000000000 0.0000000000  
314209.8190785403 -203343.4417649183 -458499.8396667973 67442.0063902925 162473.3391218321 -200457.2384343896 -125838.4122390391 -21821.4252895888 -183979.5832423429 818800.0423295198 11286.1681162053 -44991.2907952367 -179204.6761236251 0.0000000000 0.0000000000 0.0000000000 0.0000000000 0.0000000000 0.0000000000 0.0000000000 0.0000000000 0.0000000000 0.0000000000 0.0000000000 0.0000000000 0.0000000000  
-23271.1816654753 11225.2458759222 -53248.8847860768 -8862.9450250636 130790.2910197405 106103.4113773517 129347.3340862689 216167.8191261477 -54555.2068088492 11286.1681162053 272747.7472094557 530117.4076110730 -181925.3780505846 0.0000000000 0.0000000000 0.0000000000 0.0000000000 0.0000000000 0.0000000000 0.0000000000 0.0000000000 0.0000000000 0.0000000000 0.0000000000 0.0000000000 0.0000000000  
-591473.7195460108 322958.2839568143 481793.7949129510 -79422.4888414027 35843.0872738835 586171.3052178389 510893.3449760961 272133.5005011343 360037.7651403687 -44991.2907952367 530117.4076110730 3686049.2955207601 -504089.6486082857 0.0000000000 0.0000000000 0.0000000000 0.0000000000 0.0000000000 0.0000000000 0.0000000000 0.0000000000 0.0000000000 0.0000000000 0.0000000000 0.0000000000 0.0000000000  
150844.9651201803 -112610.2678072163 -429835.6260164398 15514.4243282860 320819.7909376510 40618.3366691628 2092.1578131452 351147.0720111096 33041.9751491676 -179204.6761236251 -181925.3780505846 -504089.6486082857 2174363.2908175704 0.0000000000 0.0000000000 0.0000000000 0.0000000000 0.0000000000 0.0000000000 0.0000000000 0.0000000000 0.0000000000 0.0000000000 0.0000000000 0.0000000000 0.0000000000  
-169292.0204745246 -578482.8946032195 -1648651.9965891184 -265610.6883218730 1073548.2848568591 113774.9088686021 -409861.1504095928 1797957.8206425165 -218167.0495980896 340123.1688759627 -166736.6303467255 -1753280.9427805594 3163014.1437918278 0.0000000000 0.0000000000 0.0000000000 0.0000000000 0.0000000000 0.0000000000 0.0000000000 0.0000000000 0.0000000000 0.0000000000 0.0000000000 0.0000000000 0.0000000000  
-307285.2342609108 -215204.6531185987 -111518.8533627072 46089.4371399687 -322600.4642890903 -198405.7353904805 -99608.9858022556 -35983.5100266579 304817.5407221903 -103273.5101751115 -143075.3234247045 -628128.9791048138 -567307.8885341535 0.0000000000 0.0000000000 0.0000000000 0.0000000000 0.0000000000 0.0000000000 0.0000000000 0.0000000000 0.0000000000 0.0000000000 0.0000000000 0.0000000000 0.0000000000  
659920.1580034229 360545.9433475220 843756.3529581860 352743.1820796957 -885991.9880850097 -411151.3457461901 301695.0642254738 -1780082.5773875436 369291.2125282667 303014.8137066120 502612.8186971551 2477323.2976890961 -4728625.2528117746 0.0000000000 0.0000000000 0.0000000000 0.0000000000 0.0000000000 0.0000000000 0.0000000000 0.0000000000 0.0000000000 0.0000000000 0.0000000000 0.0000000000 0.0000000000  
855605.5527141050 -312096.2296026705 -1793960.4540563885 -168513.0168431895 1641132.9080285099 212503.7604395921 -747548.6458873546 2693862.6345937783 314930.2923728369 -160618.7511305927 79880.8590080564 -905344.9903197973 2292782.1468711840 0.0000000000 0.0000000000 0.0000000000 0.0000000000 0.0000000000 0.0000000000 0.0000000000 0.0000000000 0.0000000000 0.0000000000 0.0000000000 0.0000000000 0.0000000000  
111100.3307580635 32637.2001502912 -168952.2217778967 15799.0680804040 262552.1615323434 152378.3860738367 -152914.1291582164 852321.0378301507 -37277.3589719238 -296864.6659040815 -143547.4152149445 -263487.3665196113 1922223.5100898931 0.0000000000 0.0000000000 0.0000000000 0.0000000000 0.0000000000 0.0000000000 0.0000000000 0.0000000000 0.0000000000 0.0000000000 0.0000000000 0.0000000000 0.0000000000  
110462.8174600971 -350664.4982202658 -596893.1281481484 -125846.3470830040 -50913.4761630948 -502885.0188391843 -363572.5088658654 -155697.2608969958 -514168.4913067146 249502.8380851918 -290264.3854917035 -2274170.3536152951 346029.6089493579 0.0000000000 0.0000000000 0.0000000000 0.0000000000 0.0000000000 0.0000000000 0.0000000000 0.0000000000 0.0000000000 0.0000000000 0.0000000000 0.0000000000 0.0000000000  
70796.8989159992 99056.8906989038 248929.4332161341 -40131.1492130427 -288479.7208247788 -181613.5943239455 -409474.8393022027 -264469.1077540950 -45919.9962738009 -102901.8894271208 -86884.6210279971 -309036.5342774314 -114363.2077260538 0.0000000000 0.0000000000 0.0000000000 0.0000000000 0.0000000000 0.0000000000 0.0000000000 0.0000000000 0.0000000000 0.0000000000 0.0000000000 0.0000000000 0.0000000000  
-387095.0655215818 125010.4666352757 1553986.0235151839 13269.7080078743 -1506666.4206636986 -660351.4322828932 817787.6716994847 -4132580.1115201768 -1503713.6605934803 281528.5595127127 -593987.8931659400 -2886918.0277622873 6412.2470278550 0.0000000000 0.0000000000 0.0000000000 0.0000000000 0.0000000000 0.0000000000 0.0000000000 0.0000000000 0.0000000000 0.0000000000 0.0000000000 0.0000000000 0.0000000000  
-154864.0705424316 171248.9170665554 220123.8341906650 -157937.9697657855 214269.0072899961 272429.9767704884 158318.7182346324 195405.8820902467 -565150.8374023696 -33045.3722339183 124340.0675120394 -300814.3804808988 108923.9532765575 0.0000000000 0.0000000000 0.0000000000 0.0000000000 0.0000000000 0.0000000000 0.0000000000 0.0000000000 0.0000000000 0.0000000000 0.0000000000 0.0000000000 0.0000000000  
-2190151.1905912645 1367767.2949987808 3450336.1207406512 -311389.9101692324 -1503039.5773347262 1224713.8144443298 955871.9998167098 -347649.9395106824 1025514.2403761341 -4889213.1280301474 152712.5622861794 850208.2084983297 -485436.6083538116 0.0000000000 0.0000000000 0.0000000000 0.0000000000 0.0000000000 0.0000000000 0.0000000000 0.0000000000 0.0000000000 0.0000000000 0.0000000000 0.0000000000 0.0000000000  
1626169.8428069686 -665197.2367942836 -2790499.8098546434 227172.3250164038 2110580.3594863582 64447.9230783293 -1625820.0835622828 4563885.2725737141 1676431.0418744553 -342945.1344969237 -615343.2885475777 -2172440.4125032644 3392409.1337352553 0.0000000000 0.0000000000 0.0000000000 0.0000000000 0.0000000000 0.0000000000 0.0000000000 0.0000000000 0.0000000000 0.0000000000 0.0000000000 0.0000000000 0.0000000000  
888108.2647348975 -292962.4255670157 -1239303.2682562356 38128.8059413650 1008749.8107029278 -57959.8462564313 -1080250.7991421265 2331191.4218330486 409291.6541569331 -588301.2433071171 -346893.8310787533 -3403675.2859166129 1221890.5463937558 0.0000000000 0.0000000000 0.0000000000 0.0000000000 0.0000000000 0.0000000000 0.0000000000 0.0000000000 0.0000000000 0.0000000000 0.0000000000 0.0000000000 0.0000000000  
-1857916.5049392881 1129948.5098680451 4581584.9999959795 -6927.0105315105 -3437878.1287843767 -247347.7944494360 1379430.1539195168 -5666187.5208947789 -1669730.6614085403 283834.0796367129 287419.6331216250 1876537.0034128756 -6913557.9616604652 0.0000000000 0.0000000000 0.0000000000 0.0000000000 0.0000000000 0.0000000000 0.0000000000 0.0000000000 0.0000000000 0.0000000000 0.0000000000 0.0000000000 0.0000000000  
692.0084424312 -5592.6417896364 -27.6553869269 2749.0407052420 -314.7944608120 619.7578953673 605.3935993447 -1276.8804753300 1159.4934934653 0.9414172166 -1778.6397272383 692.2053325402 -294.2443140797 0.0000000000 0.0000000000 0.0000000000 0.0000000000 0.0000000000 0.0000000000 0.0000000000 0.0000000000 0.0000000000 0.0000000000 0.0000000000 0.0000000000 0.0000000000  
-5592.6417896364 56506.0028277226 296.4278498282 -19834.0973951276 1832.8413313183 -3399.7473433013 -3022.3942917441 7791.6058725374 -6599.4290201189 227.4957242921 11388.3840397956 -4018.2157058360 2077.3477508616 0.0000000000 0.0000000000 0.0000000000 0.0000000000 0.0000000000 0.0000000000 0.0000000000 0.0000000000 0.0000000000 0.0000000000 0.0000000000 0.0000000000 0.0000000000  
-27.6553869269 296.4278498282 8.7708859887 250.7181787239 -67.9111829643 9.1124052118 -52.2946317796 -229.5059485045 18.4270223727 -41.8906639649 -202.1599074080 -6.5934563161 -84.8671856059 0.0000000000 0.0000000000 0.0000000000 0.0000000000 0.0000000000 0.0000000000 0.0000000000 0.0000000000 0.0000000000 0.0000000000 0.0000000000 0.0000000000 0.0000000000  
2749.0407052420 -19834.0973951276 250.7181787239 34954.6198119932 -6398.5840484855 5637.4813833943 709.5732831848 -26114.3225864933 10464.0034099101 -3225.1002717014 -28997.8948430517 4906.9626497238 -8652.0602698666 0.0000000000 0.0000000000 0.0000000000 0.0000000000 0.0000000000 0.0000000000 0.0000000000 0.0000000000 0.0000000000 0.0000000000 0.0000000000 0.0000000000 0.0000000000  
-314.7944608120 1832.8413313183 -67.9111829643 -6398.5840484855 2051.3410372554 -1123.3108586596 -434.1328466263 3601.0760193563 -1723.2505651585 621.1191480864 4182.6337628937 -841.7654238274 1554.0880962499 0.0000000000 0.0000000000 0.0000000000 0.0000000000 0.0000000000 0.0000000000 0.0000000000 0.0000000000 0.0000000000 0.0000000000 0.0000000000 0.0000000000 0.0000000000  
619.7578953673 -3399.7473433013 9.1124052118 5637.4813833943 -1123.3108586596 1619.9683728569 284.4590133108 -4000.0242432856 1994.2818145683 -374.0206145164 -4541.6048892823 1000.0644365731 -1189.8725189863 0.0000000000 0.0000000000 0.0000000000 0.0000000000 0.0000000000 0.0000000000 0.0000000000 0.0000000000 0.0000000000 0.0000000000 0.0000000000 0.0000000000 0.0000000000  
605.3935993447 -3022.3942917441 -52.2946317796 709.5732831848 -434.1328466263 284.4590133108 5440.2903420865 639.4616319518 451.8193808070 19.1518187725 375.6420387436 169.9858709873 -126.9967064794 0.0000000000 0.0000000000 0.0000000000 0.0000000000 0.0000000000 0.0000000000 0.0000000000 0.0000000000 0.0000000000 0.0000000000 0.0000000000 0.0000000000 0.0000000000  
-1276.8804753300 7791.6058725374 -229.5059485045 -26114.3225864933 3601.0760193563 -4000.0242432856 639.4616319518 27565.2848379696 -9336.9963654748 3392.7582410132 33557.6153779901 -4066.8591210480 8802.0797537964 0.0000000000 0.0000000000 0.0000000000 0.0000000000 0.0000000000 0.0000000000 0.0000000000 0.0000000000 0.0000000000 0.0000000000 0.0000000000 0.0000000000 0.0000000000  
1159.4934934653 -6599.4290201189 18.4270223727 10464.0034099101 -1723.2505651585 1994.2818145683 451.8193808070 -9336.9963654748 5619.8191712834 -848.8029809755 -12746.8489545945 2835.8234321275 -2922.6750406823 0.0000000000 0.0000000000 0.0000000000 0.0000000000 0.0000000000 0.0000000000 0.0000000000 0.0000000000 0.0000000000 0.0000000000 0.0000000000 0.0000000000 0.0000000000  
0.9414172166 227.4957242921 -41.8906639649 -3225.1002717014 621.1191480864 -374.0206145164 19.1518187725 3392.7582410132 -848.8029809755 907.1653823810 3410.8096978812 -330.4077683098 955.7940647531 0.0000000000 0.0000000000 0.0000000000 0.0000000000 0.0000000000 0.0000000000 0.0000000000 0.0000000000 0.0000000000 0.0000000000 0.0000000000 0.0000000000 0.0000000000  
-1778.6397272383 11388.3840397956 -202.1599074080 -28997.8948430517 4182.6337628937 -4541.6048892823 375.6420387436 33557.6153779901 -12746.8489545945 3410.8096978812 55026.1684558689 -9714.3626468798 12312.6710518264 0.0000000000 0.0000000000 0.0000000000 0.0000000000 0.0000000000 0.0000000000 0.0000000000 0.0000000000 0.0000000000 0.0000000000 0.0000000000 0.0000000000 0.0000000000  
692.2053325402 -4018.2157058360 -6.5934563161 4906.9626497238 -841.7654238274 1000.0644365731 169.9858709873 -4066.8591210480 2835.8234321275 -330.4077683098 -9714.3626468798 3440.4864905260 -1554.7591461305 0.0000000000 0.0000000000 0.0000000000 0.0000000000 0.0000000000 0.0000000000 0.0000000000 0.0000000000 0.0000000000 0.0000000000 0.0000000000 0.0000000000 0.0000000000  
-294.2443140797 2077.3477508616 -84.8671856059 -8652.0602698666 1554.0880962499 -1189.8725189863 -126.9967064794 8802.0797537964 -2922.6750406823 955.7940647531 12312.6710518264 -1554.7591461305 3735.4800027114 0.0000000000 0.0000000000 0.0000000000 0.0000000000 0.0000000000 0.0000000000 0.0000000000 0.0000000000 0.0000000000 0.0000000000 0.0000000000 0.0000000000 0.0000000000  
-1591639.9586408772 14236137.4064503010 137083.9949354681 -959147.1025839372 -264993.1059744688 -586757.9745810389 -1609217.4510829642 -3217135.1495321752 -641301.8203858048 -823122.5271522898 -3812693.5505224713 -605282.6803126920 -1401958.3583083991 0.0000000000 0.0000000000 0.0000000000 0.0000000000 0.0000000000 0.0000000000 0.0000000000 0.0000000000 0.0000000000 0.0000000000 0.0000000000 0.0000000000 0.0000000000  
13032822.1876898200 -131607926.7013853800 -693433.3291115228 46055821.6163338940 -4220821.4805052401 7905264.7437953260 7048909.1914915675 -18177017.6268274710 15417295.4957873020 -495860.3501236229 -27043239.6191753040 9521109.8721912038 -4889111.8920626175 0.0000000000 0.0000000000 0.0000000000 0.0000000000 0.0000000000 0.0000000000 0.0000000000 0.0000000000 0.0000000000 0.0000000000 0.0000000000 0.0000000000 0.0000000000  
-2413553.5540326787 16044479.4870803130 -201197.3076599483 -30349543.4503705500 5341851.4494453007 -5126674.5385940569 -1179297.3133115142 24465014.9840554330 -10143703.7026850000 3199682.5403401731 26405608.0241605010 -4225260.6479779873 7337331.8257434648 0.0000000000 0.0000000000 0.0000000000 0.0000000000 0.0000000000 0.0000000000 0.0000000000 0.0000000000 0.0000000000 0.0000000000 0.0000000000 0.0000000000 0.0000000000  
-5585089.9944577217 40353546.1798193830 -502852.8234094215 -70622891.8584633470 12885578.0313814150 -11389700.4009239670 -1450477.8940092749 52951578.4368103070 -21241368.1473743470 6502830.5358268637 59383594.8207113300 -10123857.0524170060 17580017.9844963400 0.0000000000 0.0000000000 0.0000000000 0.0000000000 0.0000000000 0.0000000000 0.0000000000 0.0000000000 0.0000000000 0.0000000000 0.0000000000 0.0000000000 0.0000000000  
1121552.9663173351 -5274286.0265648160 260182.9978733888 25485548.8587839040 -5954431.5236043613 4251294.5338984495 636114.3377018904 -21077898.2781318130 8322734.2782178195 -2973688.6399385165 -25745400.0594132950 4012390.6741459058 -7489133.6973041808 0.0000000000 0.0000000000 0.0000000000 0.0000000000 0.0000000000 0.0000000000 0.0000000000 0.0000000000 0.0000000000 0.0000000000 0.0000000000 0.0000000000 0.0000000000  
-1553269.0301862562 8692343.1023746859 -23859.1766376306 -14090214.4367273950 2800290.5194353173 -3997202.5927664544 -734286.1732624049 9873397.9845804516 -4904384.8856459334 945868.1051608094 10854622.1609899070 -2357571.9428780917 2895163.7468229271 0.0000000000 0.0000000000 0.0000000000 0.0000000000 0.0000000000 0.0000000000 0.0000000000 0.0000000000 0.0000000000 0.0000000000 0.0000000000 0.0000000000 0.0000000000  
-1241848.6544906835 6283841.4138944000 82578.6404141103 -3140166.2591111627 1130714.6364318959 -833082.8708345419 -10168967.3666730630 408272.5663528154 -1467802.0668232460 174980.2981183804 1111586.4080154451 -587690.4351696720 727532.6935156608 0.0000000000 0.0000000000 0.0000000000 0.0000000000 0.0000000000 0.0000000000 0.0000000000 0.0000000000 0.0000000000 0.0000000000 0.0000000000 0.0000000000 0.0000000000  
2484990.9589594193 -13749249.5695581750 477289.9444767366 52613058.9748176780 -7909634.7383543225 8206013.2298802147 -861689.5966829754 -54382575.9507133740 18906298.2306184060 -6794804.2386178123 -66579310.4576381890 8505376.4733340088 -17479158.6876973210 0.0000000000 0.0000000000 0.0000000000 0.0000000000 0.0000000000 0.0000000000 0.0000000000 0.0000000000 0.0000000000 0.0000000000 0.0000000000 0.0000000000 0.0000000000  
-2692936.4902017969 15174928.0233041530 -70709.1276566842 -26203160.1769084710 4331085.8302925238 -4894790.1275253575 -993898.0886318561 23781261.1409389560 -13546788.3839921710 2278608.4647608735 31984974.0851392710 -6733852.0588279944 7471576.2670762949 0.0000000000 0.0000000000 0.0000000000 0.0000000000 0.0000000000 0.0000000000 0.0000000000 0.0000000000 0.0000000000 0.0000000000 0.0000000000 0.0000000000 0.0000000000  
-100471.8925640926 505462.0119839265 37689.9650246647 2288957.8535264628 -447633.3123655029 207731.1507038031 -95874.4881125724 -2822215.2920105108 576876.8217903363 -813963.5787193783 -3038426.3335627420 261129.1207367455 -822363.8727666371 0.0000000000 0.0000000000 0.0000000000 0.0000000000 0.0000000000 0.0000000000 0.0000000000 0.0000000000 0.0000000000 0.0000000000 0.0000000000 0.0000000000 0.0000000000  
4650663.7470167410 -30574115.1314047170 500453.5192611508 73489253.5352136790 -10634990.2739766610 11509681.4396954480 -856173.2232748432 -83905660.2838531140 31986295.6046934690 -8565924.4116022252 -136645608.9946132600 24125015.5767837170 -30697714.2738006790 0.0000000000 0.0000000000 0.0000000000 0.0000000000 0.0000000000 0.0000000000 0.0000000000 0.0000000000 0.0000000000 0.0000000000 0.0000000000 0.0000000000 0.0000000000  
-1667790.2469768424 9626372.2641135231 -18542.7677043952 -14043831.2265618690 2418898.1026712027 -2703033.7071244433 -414164.5503232109 12044528.3424356000 -7268631.7082923502 1141365.1139035092 24978262.8318690470 -7998503.6689333227 4413604.9486710085 0.0000000000 0.0000000000 0.0000000000 0.0000000000 0.0000000000 0.0000000000 0.0000000000 0.0000000000 0.0000000000 0.0000000000 0.0000000000 0.0000000000 0.0000000000  
-16600.7117586437 -436286.5558152971 56288.8860780289 4654204.7425303953 -848282.4454608236 460949.9744834571 3068.0097194221 -5493110.9604755556 1479550.7875023501 -483209.4489194431 -8904191.4947300907 944093.9066033578 -2933816.5014842516 0.0000000000 0.0000000000 0.0000000000 0.0000000000 0.0000000000 0.0000000000 0.0000000000 0.0000000000 0.0000000000 0.0000000000 0.0000000000 0.0000000000 0.0000000000  
49324.9569926238 -212220.4859773195 92398.3646458949 108197.3995358788 -104257.7512543828 -44796.0578134481 30629.5005722915 -98116.3396783256 -3625.8555016203 -4474.3144510469 64742.9591993327 -32504.7347975032 -15354.8343635356 0.0000000000 0.0000000000 0.0000000000 0.0000000000 0.0000000000 0.0000000000 0.0000000000 0.0000000000 0.0000000000 0.0000000000 0.0000000000 0.0000000000 0.0000000000  
-212220.4859773195 1904654.2217128458 -1924779.5706381504 -873030.1791275912 -5343.3199480242 -145932.3152471120 -131588.5575588158 -105947.4595429395 -11588.1046742017 -56844.7983035004 196979.5638072191 -86375.9069344788 -44793.8829071983 0.0000000000 0.0000000000 0.0000000000 0.0000000000 0.0000000000 0.0000000000 0.0000000000 0.0000000000 0.0000000000 0.0000000000 0.0000000000 0.0000000000 0.0000000000  
92398.3646458949 -1924779.5706381504 2563402.9790984904 939398.5936210906 419243.8391874720 396758.9868247711 118400.1816944038 591093.1674524965 52214.3511201685 108164.8440116615 -537414.1503758380 270925.6320473132 122461.6263170628 0.0000000000 0.0000000000 0.0000000000 0.0000000000 0.0000000000 0.0000000000 0.0000000000 0.0000000000 0.0000000000 0.0000000000 0.0000000000 0.0000000000 0.0000000000  
108197.3995358788 -873030.1791275912 939398.5936210906 1638182.1661338112 -716934.9897468892 113785.2541112941 448729.6006091430 -120017.5439450984 49982.8494480751 81778.5229551673 160937.5090002567 52813.9400798337 -94676.2684957903 0.0000000000 0.0000000000 0.0000000000 0.0000000000 0.0000000000 0.0000000000 0.0000000000 0.0000000000 0.0000000000 0.0000000000 0.0000000000 0.0000000000 0.0000000000  
-104257.7512543828 -5343.3199480242 419243.8391874720 -716934.9897468892 1007077.2581535383 -89711.9370102575 -310956.8462317613 566135.3874300058 -13266.2062600877 24231.6187150384 -776846.1603237649 230151.0324489262 190288.5528258408 0.0000000000 0.0000000000 0.0000000000 0.0000000000 0.0000000000 0.0000000000 0.0000000000 0.0000000000 0.0000000000 0.0000000000 0.0000000000 0.0000000000 0.0000000000  
-44796.0578134481 -145932.3152471120 396758.9868247711 113785.2541112941 -89711.9370102575 938972.6279950679 -108208.4722191368 267474.0939974064 -46606.7595918744 8963.8957544349 247219.0340795332 -6924.2553669340 8238.9270801434 0.0000000000 0.0000000000 0.0000000000 0.0000000000 0.0000000000 0.0000000000 0.0000000000 0.0000000000 0.0000000000 0.0000000000 0.0000000000 0.0000000000 0.0000000000  
30629.5005722915 -131588.5575588158 118400.1816944038 448729.6006091430 -310956.8462317613 -108208.4722191368 302240.1885987486 -160496.0972021875 65519.9386522907 55306.3383793678 49664.6286101059 32730.9822856437 -73917.9364264330 0.0000000000 0.0000000000 0.0000000000 0.0000000000 0.0000000000 0.0000000000 0.0000000000 0.0000000000 0.0000000000 0.0000000000 0.0000000000 0.0000000000 0.0000000000  
-98116.3396783256 -105947.4595429395 591093.1674524965 -120017.5439450984 566135.3874300058 267474.0939974064 -160496.0972021875 839802.2307899590 -35689.2391905184 18624.4773394082 -531153.6958380054 198811.3862129934 145552.0557028204 0.0000000000 0.0000000000 0.0000000000 0.0000000000 0.0000000000 0.0000000000 0.0000000000 0.0000000000 0.0000000000 0.0000000000 0.0000000000 0.0000000000 0.0000000000  
-3625.8555016203 -11588.1046742017 52214.3511201684 49982.8494480751 -13266.2062600877 -46606.7595918744 65519.9386522907 -35689.2391905184 27779.8133991316 15795.5260280279 -21553.5362213817 22019.6917044731 -14608.0275346797 0.0000000000 0.0000000000 0.0000000000 0.0000000000 0.0000000000 0.0000000000 0.0000000000 0.0000000000 0.0000000000 0.0000000000 0.0000000000 0.0000000000 0.0000000000  
-4474.3144510469 -56844.7983035004 108164.8440116615 81778.5229551673 24231.6187150384 8963.8957544349 55306.3383793678 18624.4773394082 15795.5260280279 63002.2296964206 -72607.9520834251 45162.1034483633 -3802.4439244893 0.0000000000 0.0000000000 0.0000000000 0.0000000000 0.0000000000 0.0000000000 0.0000000000 0.0000000000 0.0000000000 0.0000000000 0.0000000000 0.0000000000 0.0000000000  
64742.9591993327 196979.5638072191 -537414.1503758380 160937.5090002568 -776846.1603237650 247219.0340795332 49664.6286101059 -531153.6958380055 -21553.5362213817 -72607.9520834251 961432.0151654891 -341348.5527806460 -155427.4306126681 0.0000000000 0.0000000000 0.0000000000 0.0000000000 0.0000000000 0.0000000000 0.0000000000 0.0000000000 0.0000000000 0.0000000000 0.0000000000 0.0000000000 0.0000000000  
-32504.7347975032 -86375.9069344788 270925.6320473132 52813.9400798337 230151.0324489262 -6924.2553669340 32730.9822856437 198811.3862129934 22019.6917044731 45162.1034483633 -341348.5527806460 161074.5364838195 43593.5441290812 0.0000000000 0.0000000000 0.0000000000 0.0000000000 0.0000000000 0.0000000000 0.0000000000 0.0000000000 0.0000000000 0.0000000000 0.0000000000 0.0000000000 0.0000000000  
-15354.8343635356 -44793.8829071983 122461.6263170628 -94676.2684957903 190288.5528258408 8238.9270801434 -73917.9364264330 145552.0557028204 -14608.0275346797 -3802.4439244893 -155427.4306126681 43593.5441290812 59012.8995383788 0.0000000000 0.0000000000 0.0000000000 0.0000000000 0.0000000000 0.0000000000 0.0000000000 0.0000000000 0.0000000000 0.0000000000 0.0000000000 0.0000000000 0.0000000000  
-154960959.2286821600 1127056961.6486266000 -1010689147.3321682000 -607597587.3898421500 158786043.1833336100 -7216397.6627575140 -121863186.3274882000 73384408.4928808960 -5233185.8523276327 -23840957.0132249560 -749731.8988833707 -1873423.2734921495 3157857.0949832257 0.0000000000 0.0000000000 0.0000000000 0.0000000000 0.0000000000 0.0000000000 0.0000000000 0.0000000000 0.0000000000 0.0000000000 0.0000000000 0.0000000000 0.0000000000  
439435958.1649505500 -4022703513.7910209000 4111241425.6049175000 1866526360.4852223000 32180514.0623592960 325593481.9849025000 282080602.3662951000 257060554.5412827400 27922573.4156518060 124623824.2316371800 -438545094.0633482900 196307313.6551697300 98990762.7306781260 0.0000000000 0.0000000000 0.0000000000 0.0000000000 0.0000000000 0.0000000000 0.0000000000 0.0000000000 0.0000000000 0.0000000000 0.0000000000 0.0000000000 0.0000000000  
-64581119.5385290310 1567520298.4185147000 -2132217366.0407319000 -808904175.4539296600 -364626904.8646835100 -379406113.2554078100 -88253374.9333758060 -548995594.6472835500 -37363436.0387477200 -95134559.3132741900 478100960.7183869500 -242957622.8969754000 -109825921.4003204900 0.0000000000 0.0000000000 0.0000000000 0.0000000000 0.0000000000 0.0000000000 0.0000000000 0.0000000000 0.0000000000 0.0000000000 0.0000000000 0.0000000000 0.0000000000  
-302067890.6647174400 2549669902.7356429000 -2774823347.1592846000 -4237754199.9209213000 1717313752.3401618000 -237779060.8924260400 -1154958859.5724044000 246313936.3787979500 -139042714.4456761200 -219686343.5595857800 -295740732.4955252400 -170841431.7909572400 218121528.9769165500 0.0000000000 0.0000000000 0.0000000000 0.0000000000 0.0000000000 0.0000000000 0.0000000000 0.0000000000 0.0000000000 0.0000000000 0.0000000000 0.0000000000 0.0000000000  
231240774.9143274400 544385728.4665426000 -1733536865.9722898000 1473733116.7199631000 -2484354061.6485767000 -109571427.2755987600 744061834.8719486000 -1550892341.2644463000 31288638.6132947060 -83997137.1353391410 1915397360.2391963000 -607187607.6345027700 -485692016.1560589100 0.0000000000 0.0000000000 0.0000000000 0.0000000000 0.0000000000 0.0000000000 0.0000000000 0.0000000000 0.0000000000 0.0000000000 0.0000000000 0.0000000000 0.0000000000  
139873683.4338866500 394203511.0779857000 -1141228603.4979439000 31907147.8727203350 -146188619.5522563800 -2273554863.0450912000 385091256.7473398400 -845386015.6468573800 118817994.9371228400 -25369672.0743885790 -352539119.3872943500 -52157841.4973170090 -86911989.5050100240 0.0000000000 0.0000000000 0.0000000000 0.0000000000 0.0000000000 0.0000000000 0.0000000000 0.0000000000 0.0000000000 0.0000000000 0.0000000000 0.0000000000 0.0000000000  
-65311734.9201197030 320269284.5163862700 -309518585.0916618700 -944831365.0379167800 626969565.3903638100 211665506.2852917900 -623094930.6259212500 314202174.2474463600 -135757504.6292488600 -116301574.0537831900 -87798010.2066146280 -74212888.4699353720 148447472.4422982300 0.0000000000 0.0000000000 0.0000000000 0.0000000000 0.0000000000 0.0000000000 0.0000000000 0.0000000000 0.0000000000 0.0000000000 0.0000000000 0.0000000000 0.0000000000  
157926676.7581301000 422714716.0989890100 -1340057764.9641922000 87080414.2245127560 -1024919895.9764792000 -519852309.3116964700 264304206.1376008400 -1529465096.0942926000 56629488.5469537600 -44698825.4262708870 977698206.5753421800 -374748861.5932731600 -266515084.5022338300 0.0000000000 0.0000000000 0.0000000000 0.0000000000 0.0000000000 0.0000000000 0.0000000000 0.0000000000 0.0000000000 0.0000000000 0.0000000000 0.0000000000 0.0000000000  
5967510.5486598238 74347290.3112339820 -177676841.8186754900 -119197905.1582989800 7397632.8776231715 80394166.0382681190 -131350097.7570160300 49485636.6442116650 -56751239.1473754570 -34530658.2804239910 62423483.5664615630 -52935679.4217825010 24359534.0886334740 0.0000000000 0.0000000000 0.0000000000 0.0000000000 0.0000000000 0.0000000000 0.0000000000 0.0000000000 0.0000000000 0.0000000000 0.0000000000 0.0000000000 0.0000000000  
5167514.3564960901 141165792.3385720600 -241812444.7788936800 -167782424.9854996800 -47183788.4048366470 -22114481.6208891870 -101675342.9536939600 -41687622.3619842900 -28993296.9049900550 -113604714.7867340600 137088559.9055864200 -84513597.2714570160 4945634.2596564684 0.0000000000 0.0000000000 0.0000000000 0.0000000000 0.0000000000 0.0000000000 0.0000000000 0.0000000000 0.0000000000 0.0000000000 0.0000000000 0.0000000000 0.0000000000  
-124636723.9099047500 -155295599.1517274400 697003687.6305093800 -384629569.3253481400 1340725065.1892695000 -480762776.0927597900 -100263954.3416117000 881204666.3048540400 33757677.0737282480 118329274.6253666000 -1654743048.2108605000 579514498.8274668500 263782311.6385156800 0.0000000000 0.0000000000 0.0000000000 0.0000000000 0.0000000000 0.0000000000 0.0000000000 0.0000000000 0.0000000000 0.0000000000 0.0000000000 0.0000000000 0.0000000000  
54677495.8703962040 312266801.4117614000 -712038934.7661870700 -170945845.3810304100 -470494702.2135416900 -17952993.1736066340 -70363682.6820254180 -423338226.8039006000 -45675697.6597980930 -93968532.3751752080 689666578.0295622300 -326518193.6207636000 -92455263.3244751240 0.0000000000 0.0000000000 0.0000000000 0.0000000000 0.0000000000 0.0000000000 0.0000000000 0.0000000000 0.0000000000 0.0000000000 0.0000000000 0.0000000000 0.0000000000  
25993162.8996823770 183845120.5162668800 -366976318.0228776300 152143161.4502188300 -415391177.9829455600 -24703039.7394591270 149599626.9543188800 -327808076.9225422100 29239586.0622373370 3900887.6721416241 352010711.4392912400 -102642372.5337322200 -130261864.4598642400 0.0000000000 0.0000000000 0.0000000000 0.0000000000 0.0000000000 0.0000000000 0.0000000000 0.0000000000 0.0000000000 0.0000000000 0.0000000000 0.0000000000 0.0000000000  
