16.1349179678 -363.9063129258 416.4174858521 152.0999906448  
159.3724427953 -23.9874961223 -1148.3911034882 -291.5863480930  
-65.8503950096 421.8676779739 -799.2018797408 7.3885958796  
-49.9200243507 -25.3001287496 563.9925102883 262.7087496221  
3.6650499095 642.0093674190 -91.8160375168 196.1646374877  
-29.7782230821 -532.3918271732 -670.4454174577 207.1544673748  
-30.6558204870 -1385.2417076644 307.4871548858 26.4539243490  
50.8609728750 -404.9763799125 -602.5665763853 529.0993101968  
54.2263776904 678.8558155545 -227.6850259418 -86.8203234722  
233.2919824072 -302.0774798417 -892.2298755403 -530.2713565792  
35.2546556351 -803.8831840955 447.8316263694 527.7045249615  
68.6503730225 1498.0902809646 -884.3449265220 -66.9564165942  
-50.7461435054 734.9367876125 529.7075846295 15.3043806371  
-163571.6508340261 3023968.1624142178 -1385.7211643905 -1268650.3171466372  
-1047442.5568225336 349949.8807868807 5560.9665866735 2024312.6369742558  
331601.7471935488 -2533432.3192462805 514.9267205239 -3749.8509777664  
291534.1165316866 125178.3770389675 -3333.4057830351 -2106617.4123601881  
-16116.4108578134 -2945897.1503401771 1283.4714614828 -832393.6934261498  
167412.1472605541 1732220.7676628835 -1984.7572016154 -1364425.8948759139  
187871.1332761801 5995219.3672039025 -326.6546700368 -191191.6094741077  
-203994.5316737654 3223735.5899467692 3675.2727052668 -1428395.1045668796  
-313488.0075515378 -5342601.4624880990 -1247.2320135605 487088.6183711298  
-1188945.7405519844 2272398.1646489501 8417.9881558465 3506811.0756650851  
-149027.7011429765 5637280.7225583270 -9154.2015840031 -1688471.0656555740  
-395754.3506511450 -10026581.2774755060 -938.5521915773 347182.8306022728  
355912.6682491247 -2090543.1898921195 -3736.2396115911 -53352.1470454155  
