194.1457762493 -108.6472364775 10.2534289440 7.5928960376  
30.1673591590 519.7767623090 240.2972859627 70.3388582931  
-106.8944161697 109.0039091287 482.7150667557 -157.9659685150  
-126.2282243913 -31.4323420635 124.7757079927 -20.0038710008  
758.2631184548 70.0167026103 160.7677542280 -5.8070443731  
19.7305913517 -62.3376618366 243.6469799564 -93.0083681327  
-283.5286027250 -22.7491974487 64.2504478488 -2.6651700139  
544.0959325965 3.5644496169 -145.5377672637 -27.7084500002  
-118.4342756925 -5.8125594009 32.3051184479 -38.3072440228  
-84.1101253558 -8.6758972810 -64.2957272814 -54.8167106684  
-17.9214448161 42.0440832225 39.9292503246 8.9467687173  
-372.4953516928 -1.8928454741 70.9719237710 -2.8330683524  
452.8787493472 0.6024676954 -136.1221019861 -151.9479578939  
-1266550.7489060441 168052.4109766787 404.3262074117 -8597.1168347538  
-109533.3583095478 -769767.6154057175 -389.4541022600 -91380.4965608163  
50914.9285825500 -150140.1464204085 -909.8303234713 198045.6600933224  
385711.3992973553 55275.4733792625 -143.1689663436 30123.7577576526  
-853425.1750098969 -99682.0133619124 343.1724786984 7824.3088026863  
-77545.0786710846 89026.5408770055 148.8198244750 108859.2609752712  
266177.7619594124 36762.2394391897 -170.7245644215 4280.5494248428  
-575176.8310875873 -7814.0230072003 648.2135334880 40498.7898179826  
88971.9931030084 9625.7691219453 295.2463312717 48196.3470073093  
57539.7940704591 14381.8131937894 1.8555692745 69089.2754767049  
119051.5468892154 -62164.3356708747 -237.4194522351 -11357.7337634028  
481906.6637515487 6212.5833203382 -544.3081397345 2951.7972705042  
-326192.2671082133 -615.0695877475 -2.2475309354 244399.2722890113  
