128914.5614703506 -193816.1172744363 68388.0804842889 86946.9962155718 292108.8440890029 -172640.8562699473 92713.0715696834 -154607.4003364129 -135265.1101664754 -138733.9787901381 -116317.1009485436 -21717.2875238997 114991.9135592802 0.0000000000 0.0000000000 0.0000000000 0.0000000000 0.0000000000 0.0000000000 0.0000000000 0.0000000000 0.0000000000 0.0000000000 0.0000000000 0.0000000000 0.0000000000  
-193816.1172744363 330606.8917137646 -55281.3449311110 -35128.9405213529 -400166.6141338964 236713.5742924080 -146833.7444871605 196327.1093944122 226120.1122762412 276962.0618834717 183118.6453975711 -4226.2088653373 -187963.8712045934 0.0000000000 0.0000000000 0.0000000000 0.0000000000 0.0000000000 0.0000000000 0.0000000000 0.0000000000 0.0000000000 0.0000000000 0.0000000000 0.0000000000 0.0000000000  
68388.0804842889 -55281.3449311110 387058.1069933768 323387.4264014122 694981.9231775609 33045.8985341550 -142851.1189222242 -214868.2665783518 159893.2958921098 334075.9438722743 235966.5478749048 -197061.4573993252 161468.9726528867 0.0000000000 0.0000000000 0.0000000000 0.0000000000 0.0000000000 0.0000000000 0.0000000000 0.0000000000 0.0000000000 0.0000000000 0.0000000000 0.0000000000 0.0000000000  
86946.9962155718 -35128.9405213529 323387.4264014122 476511.5464569037 488233.4008227194 8954.4064333024 -65347.0026391679 -166056.6023930821 48973.9444368103 242740.0483177115 114896.9341741439 -162595.1160577600 73383.0635216350 0.0000000000 0.0000000000 0.0000000000 0.0000000000 0.0000000000 0.0000000000 0.0000000000 0.0000000000 0.0000000000 0.0000000000 0.0000000000 0.0000000000 0.0000000000  
292108.8440890029 -400166.6141338964 694981.9231775609 488233.4008227194 2629363.2749212720 424363.6363144682 511835.3984425494 -200469.4862513759 278564.2355207627 276968.0881446814 481764.5641424949 282022.8213971193 685464.9961015409 0.0000000000 0.0000000000 0.0000000000 0.0000000000 0.0000000000 0.0000000000 0.0000000000 0.0000000000 0.0000000000 0.0000000000 0.0000000000 0.0000000000 0.0000000000  
-172640.8562699473 236713.5742924080 33045.8985341550 8954.4064333024 424363.6363144682 1026634.2920266788 321395.5703620279 475354.0117167891 554503.1935632506 568057.0169108032 587444.6515032050 361505.0906514072 -32064.8853134935 0.0000000000 0.0000000000 0.0000000000 0.0000000000 0.0000000000 0.0000000000 0.0000000000 0.0000000000 0.0000000000 0.0000000000 0.0000000000 0.0000000000 0.0000000000  
92713.0715696834 -146833.7444871605 -142851.1189222242 -65347.0026391679 511835.3984425494 321395.5703620279 794157.0084088666 313029.7456084056 47475.5640438297 15128.2733553367 -35988.4344206389 361259.8707389590 51401.3103410211 0.0000000000 0.0000000000 0.0000000000 0.0000000000 0.0000000000 0.0000000000 0.0000000000 0.0000000000 0.0000000000 0.0000000000 0.0000000000 0.0000000000 0.0000000000  
-154607.4003364129 196327.1093944122 -214868.2665783518 -166056.6023930821 -200469.4862513759 475354.0117167891 313029.7456084056 1301683.6465763254 204124.8458871314 89535.4649360775 130266.2657303488 480489.9804428805 -192388.1493609177 0.0000000000 0.0000000000 0.0000000000 0.0000000000 0.0000000000 0.0000000000 0.0000000000 0.0000000000 0.0000000000 0.0000000000 0.0000000000 0.0000000000 0.0000000000  
-135265.1101664754 226120.1122762412 159893.2958921098 48973.9444368103 278564.2355207628 554503.1935632506 47475.5640438297 204124.8458871314 1047282.9394258613 956437.9287552449 853610.0732710704 159595.6057939801 -69676.6869405037 0.0000000000 0.0000000000 0.0000000000 0.0000000000 0.0000000000 0.0000000000 0.0000000000 0.0000000000 0.0000000000 0.0000000000 0.0000000000 0.0000000000 0.0000000000  
-138733.9787901381 276962.0618834717 334075.9438722743 242740.0483177115 276968.0881446814 568057.0169108030 15128.2733553367 89535.4649360775 956437.9287552449 1799481.3877365019 1211622.8711773627 -106890.7331524136 -229247.8093680065 0.0000000000 0.0000000000 0.0000000000 0.0000000000 0.0000000000 0.0000000000 0.0000000000 0.0000000000 0.0000000000 0.0000000000 0.0000000000 0.0000000000 0.0000000000  
-116317.1009485436 183118.6453975711 235966.5478749048 114896.9341741439 481764.5641424949 587444.6515032050 -35988.4344206389 130266.2657303488 853610.0732710704 1211622.8711773627 1143300.0149499823 236615.2476459871 -45471.8987088284 0.0000000000 0.0000000000 0.0000000000 0.0000000000 0.0000000000 0.0000000000 0.0000000000 0.0000000000 0.0000000000 0.0000000000 0.0000000000 0.0000000000 0.0000000000  
-21717.2875238997 -4226.2088653373 -197061.4573993252 -162595.1160577601 282022.8213971193 361505.0906514072 361259.8707389590 480489.9804428805 159595.6057939801 -106890.7331524136 236615.2476459871 971243.3623035243 25605.6523480486 0.0000000000 0.0000000000 0.0000000000 0.0000000000 0.0000000000 0.0000000000 0.0000000000 0.0000000000 0.0000000000 0.0000000000 0.0000000000 0.0000000000 0.0000000000  
114991.9135592802 -187963.8712045934 161468.9726528867 73383.0635216350 685464.9961015410 -32064.8853134935 51401.3103410210 -192388.1493609177 -69676.6869405037 -229247.8093680064 -45471.8987088284 25605.6523480486 1291851.5066961432 0.0000000000 0.0000000000 0.0000000000 0.0000000000 0.0000000000 0.0000000000 0.0000000000 0.0000000000 0.0000000000 0.0000000000 0.0000000000 0.0000000000 0.0000000000  
-348661396.9680068500 573457411.6096849400 -454057626.8308284900 -223454960.5976078500 -2974970926.5964341000 -739893889.9357992400 -1114107385.4699082000 -501533741.4536079200 -389983960.8699688300 -34372037.2947712990 -496231476.3059042100 -992957777.7692743500 -624786142.8674757500 0.0000000000 0.0000000000 0.0000000000 0.0000000000 0.0000000000 0.0000000000 0.0000000000 0.0000000000 0.0000000000 0.0000000000 0.0000000000 0.0000000000 0.0000000000  
250652985.0487733800 -428785287.2958256000 32802720.7148692650 24412472.8433256110 359669989.3452205700 -386187821.1408214000 147095615.6110872900 -307409329.3383703200 -355111743.9960466600 -422744984.4027869700 -308876386.8582119300 -34334010.9882078320 194744053.5889216100 0.0000000000 0.0000000000 0.0000000000 0.0000000000 0.0000000000 0.0000000000 0.0000000000 0.0000000000 0.0000000000 0.0000000000 0.0000000000 0.0000000000 0.0000000000  
-129396231.4714816400 118486859.1194366500 -537548203.2797391400 -488088498.7976100400 -883376882.7230663300 107311440.8861015400 226346207.4337181200 360045024.3216269000 -49598577.5560213550 -302600816.5156477700 -129381439.3922647200 428402658.6507309700 -274158898.5726428000 0.0000000000 0.0000000000 0.0000000000 0.0000000000 0.0000000000 0.0000000000 0.0000000000 0.0000000000 0.0000000000 0.0000000000 0.0000000000 0.0000000000 0.0000000000  
-99429076.6400939670 12675551.8119460680 -401476292.1603708900 -643788854.6532752500 -380179624.5158097700 87901917.0408646910 204212690.2059226000 321832978.9911108600 -31160076.8482332860 -348202758.0152131300 -133512277.7231883700 283903455.7400232600 10806166.7200035690 0.0000000000 0.0000000000 0.0000000000 0.0000000000 0.0000000000 0.0000000000 0.0000000000 0.0000000000 0.0000000000 0.0000000000 0.0000000000 0.0000000000 0.0000000000  
-389404486.6472418900 527780537.7036608500 -864604855.4304087200 -634415037.0008980000 -3137719728.2770691000 -363876693.9901667200 -553758764.6791039700 442546667.2992129900 -202079418.6983290900 -179381131.0012345900 -408490612.9060404900 -163937101.6832476600 -706649687.3568004400 0.0000000000 0.0000000000 0.0000000000 0.0000000000 0.0000000000 0.0000000000 0.0000000000 0.0000000000 0.0000000000 0.0000000000 0.0000000000 0.0000000000 0.0000000000  
195053006.1276167900 -264615500.1148238800 -32897818.5349191170 -8480681.4393168930 -478046883.8732781400 -1167285918.6613801000 -370328618.7573469300 -557928791.4031055000 -580278546.9494060300 -599086755.9841831900 -621406486.2540373800 -384746693.2057575600 37570455.9520245570 0.0000000000 0.0000000000 0.0000000000 0.0000000000 0.0000000000 0.0000000000 0.0000000000 0.0000000000 0.0000000000 0.0000000000 0.0000000000 0.0000000000 0.0000000000  
-81761576.4680395720 129535019.0018190700 128482896.0047527000 58161137.4090388420 -507067667.4121770300 -338476818.1446841400 -761655888.8944591300 -318092972.3876246800 -78896384.3780046700 -52933582.7024325950 -702432.1604913942 -354691328.2254883600 -47019694.2547374140 0.0000000000 0.0000000000 0.0000000000 0.0000000000 0.0000000000 0.0000000000 0.0000000000 0.0000000000 0.0000000000 0.0000000000 0.0000000000 0.0000000000 0.0000000000  
197648613.9202986700 -257626596.4941082300 330534155.2628653600 217018203.1068930600 636398640.1931647100 -410863269.4719044600 -265803733.5905999200 -1482120915.5319295000 -93616488.2198191140 38782530.8262260030 48147686.7489837930 -382934147.0202779800 412998581.8867800200 0.0000000000 0.0000000000 0.0000000000 0.0000000000 0.0000000000 0.0000000000 0.0000000000 0.0000000000 0.0000000000 0.0000000000 0.0000000000 0.0000000000 0.0000000000  
154353206.4392333000 -254318876.2459965300 -183617120.1919405800 -52205112.1870461780 -336383557.8078381400 -640260862.4726935600 -56750123.6028478970 -265063275.7630872100 -1176551037.3362212000 -1078790404.5329764000 -970532136.9866122000 -185108081.4801950800 83826513.1395768370 0.0000000000 0.0000000000 0.0000000000 0.0000000000 0.0000000000 0.0000000000 0.0000000000 0.0000000000 0.0000000000 0.0000000000 0.0000000000 0.0000000000 0.0000000000  
141820383.8869354100 -285300928.9325494200 -371742765.6310024300 -268840245.2973203100 -384032884.3465162500 -634765255.3616762200 -34499816.0627887770 -106011150.5764972100 -1031425538.2201831000 -1890592618.6601026000 -1294309497.9719872000 87079648.3002207430 162436800.7845209800 0.0000000000 0.0000000000 0.0000000000 0.0000000000 0.0000000000 0.0000000000 0.0000000000 0.0000000000 0.0000000000 0.0000000000 0.0000000000 0.0000000000 0.0000000000  
177143041.2854742400 -284211687.4454920300 -280186450.8771628700 -142016425.7751008600 -304223831.9912652400 -655406494.2942428600 181341803.4870624200 -30424285.7135987650 -1047942404.6857642000 -1550995984.4726791000 -1376284450.0895045000 -85073696.9676515010 133729473.6067001200 0.0000000000 0.0000000000 0.0000000000 0.0000000000 0.0000000000 0.0000000000 0.0000000000 0.0000000000 0.0000000000 0.0000000000 0.0000000000 0.0000000000 0.0000000000  
59360980.3333754910 -45874572.6807724760 185156881.4208652400 167886287.9558773900 -546783946.3473832600 -675738789.2988163200 -502154563.6251304100 -705036603.7901078500 -437752983.3356511600 -132002122.5799300200 -554676670.5986502200 -1326452336.2555904000 -132481837.6622455400 0.0000000000 0.0000000000 0.0000000000 0.0000000000 0.0000000000 0.0000000000 0.0000000000 0.0000000000 0.0000000000 0.0000000000 0.0000000000 0.0000000000 0.0000000000  
-86180806.8457537290 143330214.6091534200 -94623818.8895656470 -37348921.7079225110 -426653064.3271436700 75126383.5858629050 -12266486.0440448930 158806081.2622143000 108722111.8891973300 259311068.3242343700 109254198.3871353000 9505294.3929310087 -957279130.1010160400 0.0000000000 0.0000000000 0.0000000000 0.0000000000 0.0000000000 0.0000000000 0.0000000000 0.0000000000 0.0000000000 0.0000000000 0.0000000000 0.0000000000 0.0000000000  
114269.9730505290 -533537.2599058962 -188876.3719160007 -6221.9452100802 25855.5964293080 16103.5734075995 -33777.9101504963 8537.8893250471 -3715.4990292906 46426.6469463426 1683.3887683445 -4635.3427253949 38573.0286640901 0.0000000000 0.0000000000 0.0000000000 0.0000000000 0.0000000000 0.0000000000 0.0000000000 0.0000000000 0.0000000000 0.0000000000 0.0000000000 0.0000000000 0.0000000000  
-533537.2599058962 2493373.5325317858 861889.7107767017 25795.1265668059 -123338.4268725250 -66572.2884509633 157847.4095190241 -40138.3883093071 18232.1473854224 -217014.7319728976 -7086.5581418228 21883.2121644085 -179458.8354311169 0.0000000000 0.0000000000 0.0000000000 0.0000000000 0.0000000000 0.0000000000 0.0000000000 0.0000000000 0.0000000000 0.0000000000 0.0000000000 0.0000000000 0.0000000000  
-188876.3719160007 861889.7107767017 495684.8851072998 30030.5763927364 -32305.2612174518 -71843.9304777014 62351.1819548418 -13818.2072634739 1685.7772017195 -84565.3653002378 -7017.1817000187 6675.9888886757 -74300.6507776509 0.0000000000 0.0000000000 0.0000000000 0.0000000000 0.0000000000 0.0000000000 0.0000000000 0.0000000000 0.0000000000 0.0000000000 0.0000000000 0.0000000000 0.0000000000  
-6221.9452100802 25795.1265668059 30030.5763927364 27723.4991793707 33714.4874445411 -77000.3284324877 -13067.7422920801 4645.4845771902 -5643.5411181323 16803.8160019455 -2076.7162414433 -1370.9116310651 9281.3645250711 0.0000000000 0.0000000000 0.0000000000 0.0000000000 0.0000000000 0.0000000000 0.0000000000 0.0000000000 0.0000000000 0.0000000000 0.0000000000 0.0000000000 0.0000000000  
25855.5964293080 -123338.4268725250 -32305.2612174518 33714.4874445411 54331.7436540467 -100895.3897948662 -30991.5089706960 9224.4239722943 -9947.6973134106 37988.1022257023 4.6157760460 -2869.1110257609 22873.0858503090 0.0000000000 0.0000000000 0.0000000000 0.0000000000 0.0000000000 0.0000000000 0.0000000000 0.0000000000 0.0000000000 0.0000000000 0.0000000000 0.0000000000 0.0000000000  
16103.5734075995 -66572.2884509633 -71843.9304777014 -77000.3284324877 -100895.3897948662 311027.6278867042 28638.1309896768 -10036.5064348238 -20165.1962004878 -49866.1562402519 4790.0677842627 2143.3507434543 -17742.6399424437 0.0000000000 0.0000000000 0.0000000000 0.0000000000 0.0000000000 0.0000000000 0.0000000000 0.0000000000 0.0000000000 0.0000000000 0.0000000000 0.0000000000 0.0000000000  
-33777.9101504963 157847.4095190241 62351.1819548418 -13067.7422920801 -30991.5089706960 28638.1309896768 41441.4174038589 -12020.2317234678 42339.8442698796 -39326.1888151585 8560.8731515141 5678.7853474146 -16068.2877865615 0.0000000000 0.0000000000 0.0000000000 0.0000000000 0.0000000000 0.0000000000 0.0000000000 0.0000000000 0.0000000000 0.0000000000 0.0000000000 0.0000000000 0.0000000000  
8537.8893250471 -40138.3883093071 -13818.2072634739 4645.4845771902 9224.4239722943 -10036.5064348238 -12020.2317234678 5979.9637982828 -16631.0963076273 11982.0244900485 -4029.7304689377 -2058.4393212816 4773.5954822679 0.0000000000 0.0000000000 0.0000000000 0.0000000000 0.0000000000 0.0000000000 0.0000000000 0.0000000000 0.0000000000 0.0000000000 0.0000000000 0.0000000000 0.0000000000  
-3715.4990292906 18232.1473854224 1685.7772017195 -5643.5411181323 -9947.6973134106 -20165.1962004878 42339.8442698796 -16631.0963076273 457357.1869188403 -54311.5460500470 52994.2630583536 30462.0832514795 28450.6443410822 0.0000000000 0.0000000000 0.0000000000 0.0000000000 0.0000000000 0.0000000000 0.0000000000 0.0000000000 0.0000000000 0.0000000000 0.0000000000 0.0000000000 0.0000000000  
46426.6469463426 -217014.7319728976 -84565.3653002378 16803.8160019455 37988.1022257023 -49866.1562402519 -39326.1888151585 11982.0244900485 -54311.5460500470 52195.2816013832 -10747.4473528768 -5872.8653286218 22127.2587368954 0.0000000000 0.0000000000 0.0000000000 0.0000000000 0.0000000000 0.0000000000 0.0000000000 0.0000000000 0.0000000000 0.0000000000 0.0000000000 0.0000000000 0.0000000000  
1683.3887683445 -7086.5581418228 -7017.1817000187 -2076.7162414433 4.6157760460 4790.0677842627 8560.8731515141 -4029.7304689377 52994.2630583536 -10747.4473528768 27501.6171957893 2648.2357208457 4316.1614598039 0.0000000000 0.0000000000 0.0000000000 0.0000000000 0.0000000000 0.0000000000 0.0000000000 0.0000000000 0.0000000000 0.0000000000 0.0000000000 0.0000000000 0.0000000000  
-4635.3427253949 21883.2121644085 6675.9888886757 -1370.9116310651 -2869.1110257609 2143.3507434543 5678.7853474146 -2058.4393212816 30462.0832514795 -5872.8653286218 2648.2357208457 3687.4380964005 -76.4641876407 0.0000000000 0.0000000000 0.0000000000 0.0000000000 0.0000000000 0.0000000000 0.0000000000 0.0000000000 0.0000000000 0.0000000000 0.0000000000 0.0000000000 0.0000000000  
38573.0286640901 -179458.8354311169 -74300.6507776509 9281.3645250711 22873.0858503090 -17742.6399424437 -16068.2877865615 4773.5954822679 28450.6443410822 22127.2587368954 4316.1614598039 -76.4641876407 36205.8529832243 0.0000000000 0.0000000000 0.0000000000 0.0000000000 0.0000000000 0.0000000000 0.0000000000 0.0000000000 0.0000000000 0.0000000000 0.0000000000 0.0000000000 0.0000000000  
-188439707.2647095000 880015681.6143972900 312480231.8080678000 4122169.5695231562 -51200431.3105636610 -9357476.1518982034 61085903.7347177040 -16024720.2271326480 14372191.7053347230 -82751315.5016468170 -1219025.0690494610 8503761.8147703540 -66202669.8409942170 0.0000000000 0.0000000000 0.0000000000 0.0000000000 0.0000000000 0.0000000000 0.0000000000 0.0000000000 0.0000000000 0.0000000000 0.0000000000 0.0000000000 0.0000000000  
789430171.7829560000 -3689199341.2287836000 -1275448252.4083529000 -38537782.1676132600 181994541.8927193000 99567549.2406022100 -233280963.6559273600 59285822.5195063430 -26916849.1311759730 320792569.9972793500 10518129.7495612390 -32356680.0269941990 265369748.2559789100 0.0000000000 0.0000000000 0.0000000000 0.0000000000 0.0000000000 0.0000000000 0.0000000000 0.0000000000 0.0000000000 0.0000000000 0.0000000000 0.0000000000 0.0000000000  
260848289.5189237300 -1190026642.2430351000 -686914882.5924081800 -42416014.2411635070 43543855.1706416980 101709237.3843175500 -85544794.6754075590 18841014.7087112480 -693345.0213247053 116116290.9912076600 10077425.8554393070 -9064386.1006857101 102514143.7509343000 0.0000000000 0.0000000000 0.0000000000 0.0000000000 0.0000000000 0.0000000000 0.0000000000 0.0000000000 0.0000000000 0.0000000000 0.0000000000 0.0000000000 0.0000000000  
13865802.4193708820 -59041124.5306955870 -58249773.7555905580 -47039912.0204511360 -56000189.0935205820 130504448.0755896000 20287102.2766152140 -7282264.9883534824 5715517.9227320636 -26213234.8618044850 2862577.5748635232 1917133.0653869202 -14644473.8983446940 0.0000000000 0.0000000000 0.0000000000 0.0000000000 0.0000000000 0.0000000000 0.0000000000 0.0000000000 0.0000000000 0.0000000000 0.0000000000 0.0000000000 0.0000000000  
-30590313.9253393000 146340988.5609638100 36843050.6347576010 -46174041.1041736600 -73009968.3203700630 138140984.9457964600 40866245.1278112160 -12206715.5377427250 13442505.9658462200 -49890239.9636138230 22171.0698651846 3725056.4198461752 -29579235.2474877800 0.0000000000 0.0000000000 0.0000000000 0.0000000000 0.0000000000 0.0000000000 0.0000000000 0.0000000000 0.0000000000 0.0000000000 0.0000000000 0.0000000000 0.0000000000  
-24103470.4685458500 100333123.3901911100 104124930.8292188300 108711006.1261674300 142016660.5319158400 -439612188.3875011800 -39701420.0585015860 13941942.6046911700 30245779.5111520550 69540297.4159109290 -6549440.9431683738 -2847086.3176888213 24564554.8683108200 0.0000000000 0.0000000000 0.0000000000 0.0000000000 0.0000000000 0.0000000000 0.0000000000 0.0000000000 0.0000000000 0.0000000000 0.0000000000 0.0000000000 0.0000000000  
54240229.0282246250 -253481753.9890813800 -100083643.9652504200 21115547.7732460910 49954539.1871419330 -46368599.4260377660 -66771212.6404563640 19374486.0476096680 -68645357.5168328580 63402105.0041271970 -13875245.0846158530 -9169533.0975870863 25804867.1404364630 0.0000000000 0.0000000000 0.0000000000 0.0000000000 0.0000000000 0.0000000000 0.0000000000 0.0000000000 0.0000000000 0.0000000000 0.0000000000 0.0000000000 0.0000000000  
-8104119.9541654540 38129990.2185031100 13611080.2904638090 -6127184.3150998708 -11293857.4843175840 12680872.2705019940 15474541.0492820160 -8055248.6855600066 23224392.9394381720 -14854819.8030976020 5681410.4796601050 2714967.8604570446 -5160963.9805277251 0.0000000000 0.0000000000 0.0000000000 0.0000000000 0.0000000000 0.0000000000 0.0000000000 0.0000000000 0.0000000000 0.0000000000 0.0000000000 0.0000000000 0.0000000000  
2843938.7919653063 -14488846.7154917010 1559353.7565550234 7434446.3289787648 12554394.1758403630 28832328.7103298720 -57375416.5756767020 22641609.8672255950 -631109343.6676994600 73605533.1842000630 -73114320.4058817920 -41915466.8301684480 -40309034.1395154150 0.0000000000 0.0000000000 0.0000000000 0.0000000000 0.0000000000 0.0000000000 0.0000000000 0.0000000000 0.0000000000 0.0000000000 0.0000000000 0.0000000000 0.0000000000  
-78920307.7366189960 368888847.7707858700 143910919.2422187900 -28681007.8403219580 -64742776.4595639930 84973806.1895036400 66931628.7347480950 -20394474.1384239460 91753384.5040482430 -88717291.4372585120 18204162.3790080290 9961495.7189253960 -37799043.7777510580 0.0000000000 0.0000000000 0.0000000000 0.0000000000 0.0000000000 0.0000000000 0.0000000000 0.0000000000 0.0000000000 0.0000000000 0.0000000000 0.0000000000 0.0000000000  
-4712688.1187834227 20861742.8100902400 14154728.7872079670 2732186.8341970895 -1212840.2406167409 -6177662.7860181145 -11863676.1434202160 5773859.8294347748 -79285650.3587910980 14870237.6523367520 -41520857.2720720020 -3832296.5119621605 -7484570.4393002372 0.0000000000 0.0000000000 0.0000000000 0.0000000000 0.0000000000 0.0000000000 0.0000000000 0.0000000000 0.0000000000 0.0000000000 0.0000000000 0.0000000000 0.0000000000  
417820.2316402638 -2182735.4071120778 313934.1985334145 923725.3461261847 894803.9515266648 -444281.9022938713 -4796032.1789463023 1909765.4307046677 -38458585.1131930870 4307366.3619042719 -3296333.6170049584 -4445667.2900851574 -2333113.8870689501 0.0000000000 0.0000000000 0.0000000000 0.0000000000 0.0000000000 0.0000000000 0.0000000000 0.0000000000 0.0000000000 0.0000000000 0.0000000000 0.0000000000 0.0000000000  
-27923588.7036663260 129915430.7015073700 53686679.6640816030 -6588149.0612466056 -16332029.4604329710 12314696.1573408940 11369862.4457675810 -3366322.8877918939 -21915711.6263366190 -15701688.9008064680 -3318466.3493551519 -42986.7543066995 -26436198.9862062300 0.0000000000 0.0000000000 0.0000000000 0.0000000000 0.0000000000 0.0000000000 0.0000000000 0.0000000000 0.0000000000 0.0000000000 0.0000000000 0.0000000000 0.0000000000  
37065.2936986063 64061.8714629306 99613.5048040584 -84414.2338209469 8757.3462187287 34533.1673245240 9533.1458466513 -3764.9312508513 1144.8345932155 -5979.3105243043 44290.6643572226 -4232.4296886690 -16106.6580906252 0.0000000000 0.0000000000 0.0000000000 0.0000000000 0.0000000000 0.0000000000 0.0000000000 0.0000000000 0.0000000000 0.0000000000 0.0000000000 0.0000000000 0.0000000000  
64061.8714629306 190798.5161173566 326622.1679798280 -105943.8061429201 134254.3891982656 61268.2023503503 2299.5246799814 34582.7692600635 15085.9199540646 28344.9409721813 62286.7341233855 6408.9969904146 -6835.6980307390 0.0000000000 0.0000000000 0.0000000000 0.0000000000 0.0000000000 0.0000000000 0.0000000000 0.0000000000 0.0000000000 0.0000000000 0.0000000000 0.0000000000 0.0000000000  
99613.5048040584 326622.1679798280 2563777.7535615321 -358260.5787777270 -1190226.9288652134 56860.7888363174 -195460.9407970997 -20143.7883684149 262667.7546299634 16566.4351536830 361595.8534163673 85211.3652502740 -38545.5107360071 0.0000000000 0.0000000000 0.0000000000 0.0000000000 0.0000000000 0.0000000000 0.0000000000 0.0000000000 0.0000000000 0.0000000000 0.0000000000 0.0000000000 0.0000000000  
-84414.2338209469 -105943.8061429201 -358260.5787777270 3258048.5079382919 65488.8314114275 -527927.3944309878 -167980.8879693052 -151747.2966047576 -202563.7845944046 -128148.2103530756 -504614.6663640535 -176024.9871931808 52996.0144417452 0.0000000000 0.0000000000 0.0000000000 0.0000000000 0.0000000000 0.0000000000 0.0000000000 0.0000000000 0.0000000000 0.0000000000 0.0000000000 0.0000000000 0.0000000000  
8757.3462187287 134254.3891982656 -1190226.9288652134 65488.8314114275 9611423.1350124534 2614492.2864193139 511031.1316598812 2568.0057149582 854729.0624056620 522769.3306745998 1006781.8516595049 875785.2103680510 30014.3901920603 0.0000000000 0.0000000000 0.0000000000 0.0000000000 0.0000000000 0.0000000000 0.0000000000 0.0000000000 0.0000000000 0.0000000000 0.0000000000 0.0000000000 0.0000000000  
34533.1673245240 61268.2023503503 56860.7888363174 -527927.3944309878 2614492.2864193139 1218397.6231675479 235205.3687447885 26075.8440358206 362206.9068094859 221828.2928158016 492134.2692088015 329008.2985853910 -48013.8251785086 0.0000000000 0.0000000000 0.0000000000 0.0000000000 0.0000000000 0.0000000000 0.0000000000 0.0000000000 0.0000000000 0.0000000000 0.0000000000 0.0000000000 0.0000000000  
9533.1458466513 2299.5246799814 -195460.9407970997 -167980.8879693052 511031.1316598812 235205.3687447885 111182.6729881008 30983.7316457020 45763.5863136138 50163.1633331478 71003.3415658183 51053.3634745616 -13368.2441716122 0.0000000000 0.0000000000 0.0000000000 0.0000000000 0.0000000000 0.0000000000 0.0000000000 0.0000000000 0.0000000000 0.0000000000 0.0000000000 0.0000000000 0.0000000000  
-3764.9312508513 34582.7692600635 -20143.7883684149 -151747.2966047576 2568.0057149582 26075.8440358206 30983.7316457020 162324.6931325740 -94353.9572203004 472.2456276687 -41761.6004193208 -56399.0604308129 -55738.3203837655 0.0000000000 0.0000000000 0.0000000000 0.0000000000 0.0000000000 0.0000000000 0.0000000000 0.0000000000 0.0000000000 0.0000000000 0.0000000000 0.0000000000 0.0000000000  
1144.8345932155 15085.9199540646 262667.7546299634 -202563.7845944045 854729.0624056620 362206.9068094859 45763.5863136138 -94353.9572203004 242259.0310926477 104679.8502700269 225909.2250895901 187421.0777047161 45865.0943423081 0.0000000000 0.0000000000 0.0000000000 0.0000000000 0.0000000000 0.0000000000 0.0000000000 0.0000000000 0.0000000000 0.0000000000 0.0000000000 0.0000000000 0.0000000000  
-5979.3105243043 28344.9409721813 16566.4351536830 -128148.2103530756 522769.3306745998 221828.2928158016 50163.1633331478 472.2456276687 104679.8502700269 291746.1159498448 150062.7795539104 159855.6367309446 15282.4495401715 0.0000000000 0.0000000000 0.0000000000 0.0000000000 0.0000000000 0.0000000000 0.0000000000 0.0000000000 0.0000000000 0.0000000000 0.0000000000 0.0000000000 0.0000000000  
44290.6643572226 62286.7341233855 361595.8534163673 -504614.6663640535 1006781.8516595049 492134.2692088015 71003.3415658183 -41761.6004193208 225909.2250895901 150062.7795539104 973713.0753532364 448985.6446078914 153100.8387602795 0.0000000000 0.0000000000 0.0000000000 0.0000000000 0.0000000000 0.0000000000 0.0000000000 0.0000000000 0.0000000000 0.0000000000 0.0000000000 0.0000000000 0.0000000000  
-4232.4296886690 6408.9969904146 85211.3652502740 -176024.9871931808 875785.2103680510 329008.2985853910 51053.3634745616 -56399.0604308129 187421.0777047161 159855.6367309446 448985.6446078914 541972.0952661971 117735.9594109181 0.0000000000 0.0000000000 0.0000000000 0.0000000000 0.0000000000 0.0000000000 0.0000000000 0.0000000000 0.0000000000 0.0000000000 0.0000000000 0.0000000000 0.0000000000  
-16106.6580906252 -6835.6980307390 -38545.5107360071 52996.0144417452 30014.3901920603 -48013.8251785086 -13368.2441716122 -55738.3203837655 45865.0943423081 15282.4495401715 153100.8387602795 117735.9594109181 207923.5760914440 0.0000000000 0.0000000000 0.0000000000 0.0000000000 0.0000000000 0.0000000000 0.0000000000 0.0000000000 0.0000000000 0.0000000000 0.0000000000 0.0000000000 0.0000000000  
132142.3612648671 298102.0464019168 2936140.6435962627 -1209940.2988713100 -7647406.9939492727 -1719777.4773894001 -457462.3158452088 -86425.3602936698 -262715.8131777939 -123905.5080530670 124109.3104969517 -135094.9266381200 148988.1127839056 0.0000000000 0.0000000000 0.0000000000 0.0000000000 0.0000000000 0.0000000000 0.0000000000 0.0000000000 0.0000000000 0.0000000000 0.0000000000 0.0000000000 0.0000000000  
-153595.7536608753 -462183.3336691108 -1110193.4739113962 947272.0573581682 1205557.7025047585 199485.0483344953 26332.3518715531 -172491.4596452489 65833.3856470223 -85001.0671599661 -26877.4963865628 136209.6234192404 50271.2854757090 0.0000000000 0.0000000000 0.0000000000 0.0000000000 0.0000000000 0.0000000000 0.0000000000 0.0000000000 0.0000000000 0.0000000000 0.0000000000 0.0000000000 0.0000000000  
-167954.7907836028 -639963.3844007902 -4073105.4901263025 -571321.0082783457 2296790.1427903934 370373.6433555928 392862.4121867013 74342.7693201709 -291915.0288661253 -10348.1781573119 -94223.6482811189 82066.0877514215 36694.1188567194 0.0000000000 0.0000000000 0.0000000000 0.0000000000 0.0000000000 0.0000000000 0.0000000000 0.0000000000 0.0000000000 0.0000000000 0.0000000000 0.0000000000 0.0000000000  
116850.2903473883 202906.3349496251 -628081.5671216337 -3747628.0928722429 1808143.8567326043 935289.5628389646 369615.0192138627 220867.6476370313 244241.5878176042 273172.3715107441 534084.7033845184 220504.6460176459 -11291.6859598644 0.0000000000 0.0000000000 0.0000000000 0.0000000000 0.0000000000 0.0000000000 0.0000000000 0.0000000000 0.0000000000 0.0000000000 0.0000000000 0.0000000000 0.0000000000  
153705.6567540017 410039.1957201908 2943321.0975211915 -1083839.0819237663 -9411348.2692189477 -2308091.7893822887 -496826.1374303124 77534.4056220112 -577499.0025510888 -204340.9600403174 -463805.2981907782 -543844.2085454329 123863.9639903125 0.0000000000 0.0000000000 0.0000000000 0.0000000000 0.0000000000 0.0000000000 0.0000000000 0.0000000000 0.0000000000 0.0000000000 0.0000000000 0.0000000000 0.0000000000  
-31821.3463304519 64635.1133209250 1349857.2667394229 2512023.7442424982 -4129591.0548073235 -1870847.7060625888 -500191.0294432908 -158489.2308447084 -400105.8882759368 -359798.4129899170 -742566.6879199925 -404065.4312718699 87945.9639892191 0.0000000000 0.0000000000 0.0000000000 0.0000000000 0.0000000000 0.0000000000 0.0000000000 0.0000000000 0.0000000000 0.0000000000 0.0000000000 0.0000000000 0.0000000000  
-38595.4291181490 23838.9840944074 1449212.4888218713 1162885.4145163558 -3194506.8395300675 -1344037.5076581435 -584266.1290643605 -202379.3018974609 -201330.4627511640 -256996.5580807404 -438630.6365631701 -319447.2822933126 75206.0775856024 0.0000000000 0.0000000000 0.0000000000 0.0000000000 0.0000000000 0.0000000000 0.0000000000 0.0000000000 0.0000000000 0.0000000000 0.0000000000 0.0000000000 0.0000000000  
100621.8822171888 414928.3680863852 1759018.7420255404 837567.3532212158 777195.3217429777 66598.5255996543 -129406.2336386347 -204974.5278374015 374984.1118906366 264511.0410656548 457424.1950045884 446884.9559770771 248885.6933706318 0.0000000000 0.0000000000 0.0000000000 0.0000000000 0.0000000000 0.0000000000 0.0000000000 0.0000000000 0.0000000000 0.0000000000 0.0000000000 0.0000000000 0.0000000000  
37779.1287372452 173502.0452199424 791891.2967576123 1105425.3163998642 -2611968.9849891425 -1033630.3823722391 -222470.5955551350 125599.8785824375 -399544.1851773609 -157032.3077895227 -481629.3900696291 -308603.0764703394 -68563.9941771448 0.0000000000 0.0000000000 0.0000000000 0.0000000000 0.0000000000 0.0000000000 0.0000000000 0.0000000000 0.0000000000 0.0000000000 0.0000000000 0.0000000000 0.0000000000  
79045.5665427459 -117627.2912421579 360083.8540357327 -1538956.5011624484 -8029036.8492950788 -2116678.4244418489 -289520.3170697665 238504.4205612387 -969211.8899856829 -1207644.1303060874 -827042.3356021998 -1139291.6450183885 -152799.0492523195 0.0000000000 0.0000000000 0.0000000000 0.0000000000 0.0000000000 0.0000000000 0.0000000000 0.0000000000 0.0000000000 0.0000000000 0.0000000000 0.0000000000 0.0000000000  
-196690.5161024355 -441954.9168475247 -2618331.9258005456 2177469.9806238497 2995915.0638154573 157865.7054885659 173314.2624781457 -44918.5678998705 -138186.9471917026 -117739.8939025393 -901704.7141426143 159239.3324656631 -29695.2382486853 0.0000000000 0.0000000000 0.0000000000 0.0000000000 0.0000000000 0.0000000000 0.0000000000 0.0000000000 0.0000000000 0.0000000000 0.0000000000 0.0000000000 0.0000000000  
-90958.4238450274 -351282.4518697091 -2676177.1779174521 -498716.6219879829 991460.4347905170 -154943.9045030641 189696.6108260694 134339.6824500181 -359692.4674046255 -197452.3665893755 -1001896.9483775048 -704926.5602540092 -274214.5008367948 0.0000000000 0.0000000000 0.0000000000 0.0000000000 0.0000000000 0.0000000000 0.0000000000 0.0000000000 0.0000000000 0.0000000000 0.0000000000 0.0000000000 0.0000000000  
70454.8116951879 -108819.7766825057 236130.3149705780 -2339544.1820805040 -5941744.8637094377 -1134165.3441308960 -70727.0411217547 299237.4174449706 -642568.6204106519 -212499.6090182420 -649044.1501680620 -803768.6881700675 -609220.6777053317 0.0000000000 0.0000000000 0.0000000000 0.0000000000 0.0000000000 0.0000000000 0.0000000000 0.0000000000 0.0000000000 0.0000000000 0.0000000000 0.0000000000 0.0000000000  
391.4443347586 1052.6465448581 -728.4554416252 -2088.4148979839 1603.6392954558 255.0607883411 -2239.2080964446 1186.3288550074 908.2872742554 -681.3863867556 2118.7805770120 7420.5522170691 -6029.6715222004 0.0000000000 0.0000000000 0.0000000000 0.0000000000 0.0000000000 0.0000000000 0.0000000000 0.0000000000 0.0000000000 0.0000000000 0.0000000000 0.0000000000 0.0000000000  
1052.6465448581 40034.4230386628 2595.4896392966 -3894.4878533072 19468.0438073332 1054.5151756963 -41377.0215486328 25793.5859151170 2460.1270442182 -30073.9983986820 27604.9795990097 71993.8812541982 -61957.2099684473 0.0000000000 0.0000000000 0.0000000000 0.0000000000 0.0000000000 0.0000000000 0.0000000000 0.0000000000 0.0000000000 0.0000000000 0.0000000000 0.0000000000 0.0000000000  
-728.4554416252 2595.4896392966 4001.6232010301 -1522.8623855144 4924.3129424797 4250.7158848154 -5104.6128323815 6133.8767457679 -183.4891290059 1286.2375071290 7074.2076760678 14314.2419924336 -7774.3105613189 0.0000000000 0.0000000000 0.0000000000 0.0000000000 0.0000000000 0.0000000000 0.0000000000 0.0000000000 0.0000000000 0.0000000000 0.0000000000 0.0000000000 0.0000000000  
-2088.4148979839 -3894.4878533072 -1522.8623855144 29442.0307511217 -21963.5416327636 -7072.1245562643 23871.9408434334 -15216.5057952088 -9562.3108360075 -4342.6828530012 -29914.1864684377 -92401.8717239996 71983.8671042726 0.0000000000 0.0000000000 0.0000000000 0.0000000000 0.0000000000 0.0000000000 0.0000000000 0.0000000000 0.0000000000 0.0000000000 0.0000000000 0.0000000000 0.0000000000  
1603.6392954558 19468.0438073332 4924.3129424797 -21963.5416327636 31975.2002108700 18349.2614595291 -38822.5450576848 34042.3085601283 6547.1589875393 -2000.7567897595 44692.0657520504 116458.0869196572 -82460.3353003706 0.0000000000 0.0000000000 0.0000000000 0.0000000000 0.0000000000 0.0000000000 0.0000000000 0.0000000000 0.0000000000 0.0000000000 0.0000000000 0.0000000000 0.0000000000  
255.0607883411 1054.5151756963 4250.7158848154 -7072.1245562643 18349.2614595291 41297.5675448831 7125.9424654127 17932.8099094808 14379.8453288299 17551.7542470235 19997.5494198304 57342.7912130292 30488.9306898186 0.0000000000 0.0000000000 0.0000000000 0.0000000000 0.0000000000 0.0000000000 0.0000000000 0.0000000000 0.0000000000 0.0000000000 0.0000000000 0.0000000000 0.0000000000  
-2239.2080964446 -41377.0215486328 -5104.6128323815 23871.9408434334 -38822.5450576848 7125.9424654127 149923.4617032920 -52439.9132543097 9054.3564681646 45655.3686035645 -56530.8042627823 -159023.9700190302 173837.4865446357 0.0000000000 0.0000000000 0.0000000000 0.0000000000 0.0000000000 0.0000000000 0.0000000000 0.0000000000 0.0000000000 0.0000000000 0.0000000000 0.0000000000 0.0000000000  
1186.3288550074 25793.5859151170 6133.8767457679 -15216.5057952088 34042.3085601283 17932.8099094808 -52439.9132543097 45250.0036948117 317.2138560079 -11410.3063719869 47250.7981327471 124110.8875898293 -95737.2900811888 0.0000000000 0.0000000000 0.0000000000 0.0000000000 0.0000000000 0.0000000000 0.0000000000 0.0000000000 0.0000000000 0.0000000000 0.0000000000 0.0000000000 0.0000000000  
908.2872742554 2460.1270442182 -183.4891290059 -9562.3108360075 6547.1589875393 14379.8453288299 9054.3564681646 317.2138560079 32415.5597573163 -1884.9338024997 -3234.2378727058 36805.3665258830 72532.8869437351 0.0000000000 0.0000000000 0.0000000000 0.0000000000 0.0000000000 0.0000000000 0.0000000000 0.0000000000 0.0000000000 0.0000000000 0.0000000000 0.0000000000 0.0000000000  
-681.3863867556 -30073.9983986820 1286.2375071290 -4342.6828530012 -2000.7567897595 17551.7542470235 45655.3686035645 -11410.3063719869 -1884.9338024997 75420.2692438853 11714.8553028801 -47377.2919834598 22478.6167644279 0.0000000000 0.0000000000 0.0000000000 0.0000000000 0.0000000000 0.0000000000 0.0000000000 0.0000000000 0.0000000000 0.0000000000 0.0000000000 0.0000000000 0.0000000000  
2118.7805770120 27604.9795990097 7074.2076760678 -29914.1864684377 44692.0657520504 19997.5494198304 -56530.8042627823 47250.7981327471 -3234.2378727058 11714.8553028801 80587.4848126371 148733.6531395712 -158365.3833362858 0.0000000000 0.0000000000 0.0000000000 0.0000000000 0.0000000000 0.0000000000 0.0000000000 0.0000000000 0.0000000000 0.0000000000 0.0000000000 0.0000000000 0.0000000000  
7420.5522170691 71993.8812541982 14314.2419924336 -92401.8717239996 116458.0869196573 57342.7912130292 -159023.9700190302 124110.8875898293 36805.3665258830 -47377.2919834598 148733.6531395712 474086.2242223739 -304224.2210712190 0.0000000000 0.0000000000 0.0000000000 0.0000000000 0.0000000000 0.0000000000 0.0000000000 0.0000000000 0.0000000000 0.0000000000 0.0000000000 0.0000000000 0.0000000000  
-6029.6715222004 -61957.2099684473 -7774.3105613189 71983.8671042725 -82460.3353003707 30488.9306898186 173837.4865446357 -95737.2900811888 72532.8869437351 22478.6167644279 -158365.3833362858 -304224.2210712190 688995.1665909296 0.0000000000 0.0000000000 0.0000000000 0.0000000000 0.0000000000 0.0000000000 0.0000000000 0.0000000000 0.0000000000 0.0000000000 0.0000000000 0.0000000000 0.0000000000  
-468806.6661948349 -1342492.1171389329 874236.9194866188 2406363.3718144326 -1959871.1494750292 -433778.2271522589 2680962.6062515508 -1521865.1410527588 -1114712.6222991510 826006.1751533243 -2586322.4967698292 -8930707.8890474979 6963154.9405572480 0.0000000000 0.0000000000 0.0000000000 0.0000000000 0.0000000000 0.0000000000 0.0000000000 0.0000000000 0.0000000000 0.0000000000 0.0000000000 0.0000000000 0.0000000000  
-1368714.5947948836 -52037635.5498178750 -3377437.5206252537 5074751.7575455289 -25322215.7843858260 -1386522.6465349949 53796907.6036897970 -33545687.4469882030 -3200955.9598117289 39081481.4459624590 -35906935.0297394690 -93640568.1189527960 80568159.9337647560 0.0000000000 0.0000000000 0.0000000000 0.0000000000 0.0000000000 0.0000000000 0.0000000000 0.0000000000 0.0000000000 0.0000000000 0.0000000000 0.0000000000 0.0000000000  
913059.0005243199 -3257352.6721232971 -5016667.7337763058 1906067.8268843256 -6177916.0221009329 -5337302.0195734678 6402538.1798356371 -7697947.8172257645 230892.4962188008 -1616790.1864557951 -8875366.7181103583 -17953218.0470154810 9744013.2284587733 0.0000000000 0.0000000000 0.0000000000 0.0000000000 0.0000000000 0.0000000000 0.0000000000 0.0000000000 0.0000000000 0.0000000000 0.0000000000 0.0000000000 0.0000000000  
3159080.4362071492 5880558.6376053309 2316798.1278092335 -44577815.5186100830 33259583.4315563330 10729376.4512208890 -36126377.8266100590 23042949.7586114290 14480816.1660360000 6609586.4524759846 45300121.0450274350 139898703.1907843400 -108948477.0702261000 0.0000000000 0.0000000000 0.0000000000 0.0000000000 0.0000000000 0.0000000000 0.0000000000 0.0000000000 0.0000000000 0.0000000000 0.0000000000 0.0000000000 0.0000000000  
-2071160.5689105622 -25221796.7766789160 -6399303.9170840615 28417456.5152043100 -41434523.7356857880 -23825327.0124385390 50268738.7477583960 -44129498.6523312400 -8472397.4073844217 2543488.7199281571 -57921624.3682895820 -150831435.3904682400 106731208.5087023800 0.0000000000 0.0000000000 0.0000000000 0.0000000000 0.0000000000 0.0000000000 0.0000000000 0.0000000000 0.0000000000 0.0000000000 0.0000000000 0.0000000000 0.0000000000  
-296272.6232437778 -1209528.5785329305 -4970095.7320323726 8247995.9383278508 -21438825.5843531970 -48321359.5802068340 -8393530.5022049453 -20948893.3125808090 -16821850.0034841630 -20554182.5422595180 -23353192.6562935490 -66968118.3784072700 -35796756.6750084160 0.0000000000 0.0000000000 0.0000000000 0.0000000000 0.0000000000 0.0000000000 0.0000000000 0.0000000000 0.0000000000 0.0000000000 0.0000000000 0.0000000000 0.0000000000  
3601491.7975778389 66551301.6880838870 8210417.3213841226 -38395081.5119369250 62442258.1936920960 -11460330.8252941690 -241140410.7349883000 84344757.5936789960 -14560915.4790011420 -73433759.1810820850 90922972.1022451670 255775281.8127175900 -279588320.1536135100 0.0000000000 0.0000000000 0.0000000000 0.0000000000 0.0000000000 0.0000000000 0.0000000000 0.0000000000 0.0000000000 0.0000000000 0.0000000000 0.0000000000 0.0000000000  
-1720385.4551568511 -37508540.3948310840 -8929446.3771269359 22086244.0619880520 -49496687.7537584380 -26101622.1846014070 76240446.3353746980 -65816380.4693051280 -447472.5362657526 16579128.6098194290 -68702255.5150845200 -180412467.8901638700 139128252.1414301400 0.0000000000 0.0000000000 0.0000000000 0.0000000000 0.0000000000 0.0000000000 0.0000000000 0.0000000000 0.0000000000 0.0000000000 0.0000000000 0.0000000000 0.0000000000  
-1140024.1289688512 -3068468.5956791108 231018.0783689072 12007066.8430153650 -8212657.9360466627 -18079363.6177119990 -11426181.6524368020 -377431.4786622716 -40743855.4499245290 2330692.2446226440 4084322.3813225143 -46178261.8182531890 -91245399.3974525030 0.0000000000 0.0000000000 0.0000000000 0.0000000000 0.0000000000 0.0000000000 0.0000000000 0.0000000000 0.0000000000 0.0000000000 0.0000000000 0.0000000000 0.0000000000  
858014.4408765748 37911488.4724771010 -1619520.0518175177 5482445.3732129252 2520936.3747543073 -22124587.5039977100 -57554546.9266058210 14387607.5489050320 2362857.1361112762 -95072234.5772113500 -14764330.5164945090 59708534.6012928190 -28353118.2771170850 0.0000000000 0.0000000000 0.0000000000 0.0000000000 0.0000000000 0.0000000000 0.0000000000 0.0000000000 0.0000000000 0.0000000000 0.0000000000 0.0000000000 0.0000000000  
-2704586.7181146243 -35268851.5167203550 -9043415.1840962656 38199785.6730694920 -57096966.8752934190 -25561036.5817385540 72209870.8263849170 -60371574.4411008430 4145176.6572932205 -14993885.5807720180 -102973377.5760264800 -189976488.1204688000 202310516.8700876200 0.0000000000 0.0000000000 0.0000000000 0.0000000000 0.0000000000 0.0000000000 0.0000000000 0.0000000000 0.0000000000 0.0000000000 0.0000000000 0.0000000000 0.0000000000  
-7523374.2446601009 -73009036.9239762130 -14520465.4444890920 93689602.1795964690 -118100753.1566565000 -58165231.7621751650 161257907.4336483500 -125868741.6759962300 -37315980.2709725950 48028096.4555316340 -150838073.1875855300 -480745347.4881696700 308490067.6458995900 0.0000000000 0.0000000000 0.0000000000 0.0000000000 0.0000000000 0.0000000000 0.0000000000 0.0000000000 0.0000000000 0.0000000000 0.0000000000 0.0000000000 0.0000000000  
9698248.0264323875 99652662.2512061000 12504274.8390052860 -115780407.9269191900 132630600.3167665300 -49039432.3949778750 -279601090.2260851900 153985288.6135914000 -116664296.9401055100 -36153819.4537371920 254718355.8772848800 489318774.5241764200 -1108198040.4561636000 0.0000000000 0.0000000000 0.0000000000 0.0000000000 0.0000000000 0.0000000000 0.0000000000 0.0000000000 0.0000000000 0.0000000000 0.0000000000 0.0000000000 0.0000000000  
