0.5933498551 -0.1652721172 0.3199835075 0.0000000000 0.0000000000 0.0000000000  
-0.1652721172 0.0661057674 -0.0804057238 0.0000000000 0.0000000000 0.0000000000  
0.3199835075 -0.0804057238 0.1867134609 0.0000000000 0.0000000000 0.0000000000  
-1.2862411952 0.3753417643 -0.6957322977 0.0000000000 0.0000000000 0.0000000000  
0.0806323067 -0.1009395321 -0.0156114740 0.0000000000 0.0000000000 0.0000000000  
-1.3314550540 0.3533890856 -0.7583222319 0.0000000000 0.0000000000 0.0000000000  
0.4196224426 -1.2100859717 -0.8620838533 0.0000000000 0.0000000000 0.0000000000  
-1.2100859717 39.8091819959 26.4687877338 0.0000000000 0.0000000000 0.0000000000  
-0.8620838533 26.4687877338 18.1486810592 0.0000000000 0.0000000000 0.0000000000  
-0.5433992204 17.5546234440 11.6420480794 0.0000000000 0.0000000000 0.0000000000  
-0.2045946786 1.8609503154 1.3833973526 0.0000000000 0.0000000000 0.0000000000  
0.9448748752 -27.7718845648 -18.5978747621 0.0000000000 0.0000000000 0.0000000000  
